19.096550	7.710642	37.365353	161	159	162
-5.775111	-6.522497	44.725319	61	56	58
-10.123317	-3.850240	21.790924	23	23	31
-12.651511	8.374750	34.172359	196	193	184
-13.341566	-4.544178	27.405416	137	145	139
-3.346247	-6.310707	42.628960	80	80	77
-8.606065	8.757297	36.726402	191	185	184
-7.908080	2.125683	27.579268	208	200	197
-11.389844	-4.820400	26.774132	143	139	147
-13.245339	-5.436230	25.999088	203	200	206
-12.116846	-4.958488	27.557823	161	159	167
-10.631278	-4.577296	25.986311	22	20	28
-12.068174	9.084244	38.039551	161	156	155
-12.272465	-5.802161	28.029871	211	211	216
-12.234588	9.601806	38.558834	184	176	183
-9.805036	4.503884	17.850460	195	179	115
-11.781420	-4.269496	24.504982	19	18	29
-9.183522	3.603078	17.715376	184	179	181
-3.902913	-6.471475	40.379559	192	189	195
-13.046819	-5.025272	27.478071	169	167	175
-10.034960	7.536850	32.423550	49	42	42
-11.586303	-4.359226	25.626709	17	17	24
-5.553349	0.768190	24.152203	18	14	13
-12.181487	8.546515	33.011547	203	192	207
-12.404785	-4.229303	25.159086	48	51	51
-10.701718	8.918314	33.896805	189	188	180
-7.917858	1.261589	34.827751	11	8	8
-10.661634	-4.155055	24.694471	10	7	16
-10.330563	-4.331902	25.761414	7	7	14
-8.743798	3.714733	17.211763	220	221	224
-12.215723	-4.366248	26.305414	188	190	193
-8.279449	2.616580	17.259262	167	160	165
-11.677633	-4.421766	27.312979	160	157	165
13.360461	8.474701	35.395279	154	154	155
-9.751504	-4.210657	23.592894	161	159	167
12.739594	8.535856	35.067787	143	144	146
-6.902771	-5.747579	27.192249	157	154	158
-8.700644	1.287577	35.432224	155	152	153
17.357540	7.777120	31.207277	187	179	187
-4.622678	-6.740528	39.560150	207	205	211
-11.075905	-4.320075	26.668545	155	152	160
-4.935839	-6.647679	41.503269	209	206	210
-8.852622	3.028332	29.208027	173	158	154
-6.409309	-5.399729	21.603804	26	23	27
-9.499520	-4.355223	24.696594	131	129	137
-9.793971	-4.005534	25.318930	122	124	128
-10.326784	-4.143678	25.879778	138	141	148
-13.251569	-4.456632	25.912565	164	168	175
-5.430135	-5.566423	21.407114	48	41	45
18.138502	6.688869	37.964409	174	169	164
-9.834673	-3.770439	23.347616	7	5	10
-10.331332	4.406652	20.362854	108	107	115
-12.220680	-5.704947	27.418964	191	192	197
-20.000166	0.552155	37.354988	32	29	27
-10.973394	3.184891	32.671001	166	165	156
-9.125147	4.509504	17.874304	184	166	94
-5.862411	-6.547019	25.109850	80	75	79
-21.705858	-6.163532	39.247429	197	190	193
-10.465372	-3.814661	22.696020	180	184	188
-11.041411	-4.660665	27.554417	41	37	46
-11.167837	-4.369699	25.808252	15	13	21
-12.399999	-4.250998	25.474625	185	192	189
-10.670804	-4.078420	23.712313	80	80	91
-12.659928	-4.583822	25.624958	102	99	104
-11.734383	-5.118489	29.253340	147	145	153
-11.230288	-4.263284	24.181274	19	21	28
-11.337332	-4.730083	26.628716	128	125	133
-10.212997	-4.034373	24.864325	152	148	157
-10.450583	-4.511659	25.285313	91	89	97
-7.464117	-6.222414	24.865282	18	19	22
-12.036437	-4.917644	27.329403	112	110	118
-12.198836	-4.688494	25.691803	141	140	148
-12.793966	-4.791343	26.267996	190	186	195
-11.793073	9.852963	37.304996	118	116	111
-3.451541	-6.640769	43.504200	96	93	94
-8.182116	3.979734	16.293621	193	177	129
-6.125479	-4.745965	24.273094	176	173	177
13.232008	8.811271	36.306660	137	138	139
14.960060	9.071144	35.173111	174	170	174
-12.236183	9.253784	38.538151	161	156	155
-9.855453	9.193201	35.252422	183	178	176
-9.564671	9.406920	36.348671	175	170	172
-4.982037	-5.720005	38.648350	87	80	82
-12.571338	8.767941	34.069763	200	193	206
-6.364219	-6.946460	26.611689	123	116	119
-13.889661	-6.506360	31.528437	213	214	219
20.332785	7.505735	42.569729	181	175	171
-13.674224	-5.610076	26.866686	203	200	206
-12.076051	7.979567	32.587914	193	195	189
-11.514341	8.997470	36.432491	192	187	188
-7.350789	1.089766	30.107615	155	152	153
18.968128	7.678057	37.248024	181	178	182
-5.383806	-5.473837	21.228758	37	31	36
-13.481047	-4.841511	26.372465	113	115	118
-4.313257	-5.803880	36.207302	212	206	211
-9.902320	7.411795	31.878611	33	28	28
-10.404530	-4.169952	25.917812	139	137	145
-7.629347	-6.277115	26.231981	25	18	27
16.481710	7.376316	29.773939	193	184	194
-8.414160	3.561673	16.581827	217	218	220
-10.522620	-4.577528	25.750689	14	15	20
-15.285322	-5.118420	29.906977	168	171	178
-8.518277	2.687800	17.750120	157	148	151
-8.308101	-3.940660	18.964128	191	192	197
-9.241112	5.054585	31.436598	116	118	113
-9.974223	3.433919	32.848175	143	126	122
-14.698550	-5.873878	28.316254	97	91	96
-10.971161	-4.970431	28.389326	131	129	137
-19.884602	0.540347	37.128235	36	34	32
-9.901345	-4.060714	25.578392	129	133	137
13.601938	8.623723	36.026390	85	85	84
-8.824786	1.413938	38.863655	41	37	38
-9.246129	-3.193513	18.974205	108	111	112
-3.926954	-6.330028	37.519489	46	45	50
-13.463260	-6.308430	30.558910	213	214	219
17.710602	7.155210	34.876892	167	162	167
-6.050285	-4.691162	23.958973	161	158	162
-8.503450	3.291424	16.321266	185	180	181
-11.172022	8.725504	35.334461	192	187	188
-7.991047	-8.057032	31.304113	48	41	45
-4.738629	-5.249604	20.216442	18	12	19
-7.927502	4.316155	26.907515	64	66	64
17.930344	6.580341	37.762062	180	173	173
-10.081425	4.308693	32.066750	175	173	174
-4.208020	-6.423198	38.081448	33	30	36
-8.664349	2.739922	18.063704	157	148	151
-7.769459	7.771694	33.116318	188	182	182
-5.920135	-5.011618	23.192228	167	161	166
-15.077828	-5.418807	29.493349	129	129	132
-11.576880	-4.895188	28.970390	23	19	28
-11.619394	-4.349579	23.831572	193	188	196
-10.986965	7.189850	29.702608	157	160	156
-13.698664	-5.162209	32.071526	146	142	151
-8.860620	3.690750	16.807760	193	192	181
-4.318878	-4.971084	33.443932	87	80	82
-13.424136	-5.089898	28.195404	170	170	178
-9.968406	4.210993	19.623671	62	60	68
-8.673905	3.645035	17.046747	206	207	210
-9.395223	-3.795461	23.354254	153	149	158
-11.625924	-4.767305	26.371311	120	118	126
-15.495348	12.026236	48.824303	189	185	182
-10.031295	7.461369	32.213055	24	19	21
-5.698989	-4.666973	19.638317	15	13	21
-12.156273	-4.649520	27.030663	98	98	108
-10.953029	-4.574278	25.699718	128	125	133
-10.257204	-4.463797	25.098986	44	42	50
-11.657487	-5.061426	28.961973	147	145	153
-13.021551	-4.870094	27.863865	23	23	31
-9.890054	8.405766	34.839912	187	180	180
-10.897018	-4.913459	28.097290	138	136	144
-15.138298	-6.197035	29.608425	72	67	74
-9.295329	3.193880	30.429853	180	163	158
-8.799519	1.399908	38.747734	41	37	38
-8.124928	2.709519	17.094231	29	21	23
-15.177853	-6.069607	29.237141	102	94	100
-13.900532	-11.425077	44.859352	108	109	109
16.481962	6.075644	34.898987	186	179	177
-11.225627	-4.089772	24.641682	187	187	193
-11.010890	-4.653006	27.558092	23	19	28
-11.972842	-5.201574	29.627325	92	90	98
-12.314878	-4.827879	26.934383	192	190	201
-6.568285	-6.704617	26.019693	41	33	40
-11.513875	-4.289476	23.882973	70	64	74
-12.032222	-4.605935	26.725943	98	98	108
-8.488984	-3.597183	20.134346	159	156	165
-11.141010	-4.531856	25.755697	22	20	28
-11.614780	-4.701099	26.211597	125	123	133
-13.202211	-5.066058	27.811996	169	167	175
-5.873582	-6.439004	24.646194	123	116	119
-2.836077	-3.880509	23.570091	212	206	208
-14.140326	-5.239470	28.712978	117	114	121
11.961313	7.157044	35.382782	177	177	185
-7.386004	-6.218404	28.815481	176	169	175
-14.001803	-4.731641	27.531216	120	123	130
-9.966224	-4.084135	24.640341	150	146	155
-7.198742	3.898254	24.407080	102	103	102
-10.421596	3.526475	33.045128	170	152	146
-11.280491	3.114270	43.517265	135	131	129
-8.603943	2.684881	17.982372	160	150	151
-7.478238	-6.196872	26.360073	172	169	175
-7.121307	-5.928608	23.310427	32	32	35
-11.265796	1.885360	46.394970	158	153	152
14.658723	7.995484	37.516022	121	125	127
-10.366427	-4.301684	26.695581	130	134	140
-15.098446	-5.500741	29.598902	56	55	58
-8.770272	3.494600	17.296364	102	99	103
-9.045089	-7.253981	30.675104	21	17	26
-10.006035	-4.523108	25.783255	79	77	85
-9.469681	4.444585	21.316656	50	46	43
14.083075	6.730475	36.386955	179	178	184
-7.146635	1.026318	31.035343	103	101	102
-14.193016	-5.545548	27.358162	52	45	55
-14.547303	-5.622713	30.786556	71	69	76
10.179666	6.031826	30.123957	178	178	186
12.166980	4.075139	25.583048	58	47	44
-9.132668	5.134908	30.978231	182	183	180
-7.987675	-3.279164	18.389778	178	176	186
-9.257132	3.925902	29.732679	177	172	173
-13.120943	-5.536460	32.149689	147	145	153
-10.504458	-3.865107	22.860332	180	185	191
-9.745531	-3.656770	20.093248	137	132	139
-10.820922	-4.548915	25.696156	163	159	168
-2.435649	-4.505365	29.630854	61	54	54
-5.302956	-4.552715	20.742308	184	176	182
-9.680065	2.711358	37.213642	115	109	110
9.889253	5.859189	29.945843	175	178	192
-15.484405	-5.609269	30.363449	158	158	160
-8.249356	2.580995	17.310236	160	150	151
-7.032400	-5.828617	24.968315	173	170	174
12.217163	5.816883	31.519114	179	178	183
14.189169	-5.542898	43.850285	30	30	38
-7.837727	2.634061	16.494703	20	13	16
-7.550520	-6.094071	25.656862	21	17	26
-12.422353	1.364271	32.407688	22	17	19
-12.296051	-5.132140	28.307875	14	15	20
-4.479231	-3.892869	17.458994	177	169	175
-8.811139	5.022983	29.695950	183	183	183
-8.369903	2.457939	31.939297	100	94	97
-6.961985	-5.132516	33.980289	193	190	194
-7.101787	1.213569	29.379881	157	150	148
-3.403499	-4.161721	27.407833	91	84	84
-6.540538	0.734832	28.244040	9	9	9
18.336489	8.542607	47.692165	11	9	26
-10.224605	-4.135787	22.725323	161	159	168
-2.287415	-4.071873	24.338200	207	206	211
-10.063459	-4.443735	25.888762	144	140	149
-15.962389	-5.763366	34.272297	175	179	186
4.524886	-2.204120	24.385679	20	17	14
-9.498765	3.844110	30.551748	181	176	176
-9.320089	3.407915	29.984806	173	163	161
-2.641987	-3.553611	22.918816	84	82	83
-9.488894	-3.953644	22.912067	160	156	165
-7.161005	1.245383	29.740337	159	150	148
-4.358136	-6.434987	39.521809	35	34	39
-11.157390	1.584716	29.601616	112	107	109
-7.114970	2.082576	27.121670	53	48	50
11.750337	-6.587312	36.963753	36	34	46
-14.795389	1.541112	38.490952	19	13	15
-9.990710	2.852637	29.835548	174	171	162
-8.635368	-6.749108	43.620857	203	202	205
-12.244159	1.656921	32.748257	52	47	49
-12.141192	0.917197	31.868805	13	12	12
