-6.924489	-5.604578	36.512100	143	136	150
-18.094410	-2.956004	41.481998	7	7	4
-0.575685	0.108669	1.785099	41	29	30
-17.722364	5.931787	34.817348	45	40	34
-7.709760	4.624228	17.540878	60	56	61
-6.633214	3.808510	14.553236	154	152	164
4.720195	-11.399911	42.087811	189	188	205
-12.192955	-14.454826	45.521656	38	37	54
-6.266401	3.603978	13.995805	10	10	13
8.005441	-6.686779	45.627575	201	187	206
4.853146	-11.855616	42.491039	47	49	65
-17.582024	5.675422	34.541077	197	193	191
-21.998421	-4.033235	49.238251	40	36	33
-14.688335	1.002257	33.398922	24	8	2
-15.591468	3.635414	29.089853	117	115	111
4.949325	-8.521918	43.262310	29	18	30
-13.211809	-8.585690	39.135323	65	64	67
3.308832	-6.421260	30.054411	20	14	26
-0.525253	-12.597566	42.395859	154	153	167
-22.130676	3.090301	48.932312	148	143	142
4.394106	-8.551216	39.976147	35	14	20
3.817963	-7.300710	34.388481	56	47	60
-15.824036	-4.238414	39.658852	96	161	154
-8.845192	-1.566451	20.506855	13	13	12
-7.480420	1.554040	25.405281	43	24	30
-14.317000	1.793562	36.592144	21	10	14
-9.650703	1.478389	31.495705	186	183	190
-15.874403	-4.048862	39.386887	92	161	155
7.529765	-3.588493	37.186855	200	192	199
-14.736982	3.921561	27.612310	136	129	127
5.575243	-2.976730	31.666666	204	195	200
3.561492	-11.476055	45.027390	197	180	194
10.984261	-0.792519	37.824871	29	23	28
5.009512	-11.606794	39.763855	38	42	58
7.478754	-3.191109	36.942299	183	182	187
-0.701058	-10.671914	36.881134	31	22	35
-8.881284	-0.816898	30.674067	161	159	169
-5.323044	0.514725	19.308027	29	22	25
-0.518754	-11.893942	41.747871	110	99	108
-9.591531	0.283315	28.820860	180	160	161
6.210529	-2.973257	35.308102	202	199	205
-0.425405	-10.670717	40.653889	139	129	141
3.443887	-12.693295	45.289856	139	124	137
5.209661	-2.516557	32.720547	75	72	78
4.791291	-11.111579	41.967346	9	7	23
2.886125	-11.177038	40.390713	30	11	26
-5.874849	0.342359	20.997192	16	10	11
-14.707426	-2.584138	46.437836	4	10	16
5.502316	-2.314594	34.062496	41	38	44
4.670368	-12.825940	46.927620	172	171	186
8.148237	-2.436213	35.223179	55	53	61
-16.711090	-0.962917	38.856911	32	18	7
-6.838192	-5.386868	36.054192	134	125	140
3.642849	-13.062008	43.111420	113	113	136
4.062797	-7.817765	39.157616	29	9	9
-22.591957	-1.568226	40.419865	132	127	119
-21.145227	5.030158	40.220768	117	115	111
-2.780176	-3.129631	24.412668	54	47	59
-7.828900	-0.818632	30.673088	44	41	47
3.749144	-12.990593	46.171898	24	19	32
-0.249413	-7.509943	37.668594	26	18	38
-3.055074	-3.010994	27.090796	76	67	78
-6.734234	-5.318130	40.849102	67	63	76
-14.691821	-5.323271	41.802158	23	25	31
-8.869065	4.180837	16.496017	99	95	106
-6.576680	3.779228	14.682987	109	107	107
3.483403	-12.566533	41.419014	132	129	153
-19.363907	-4.977255	44.931679	5	3	10
-6.815616	0.669234	24.756876	29	22	25
-17.045185	-5.082459	46.829346	148	151	158
-7.405324	0.614645	24.933029	15	7	10
-6.198874	-1.757027	15.474736	162	169	176
5.290847	-12.978102	47.439503	174	173	190
-3.186132	-3.587274	28.026939	53	44	57
-16.164179	1.394505	41.044521	116	109	112
-14.986722	1.326611	39.020855	122	111	120
6.386407	-3.423055	36.349957	164	154	156
8.178176	-3.854352	40.279415	164	158	163
-0.750737	-12.172112	41.973858	31	22	35
-6.469665	-5.236805	34.123760	141	132	149
9.965531	-0.734289	34.736752	31	25	29
-19.385628	6.450825	37.934864	58	53	48
-19.247469	6.130578	37.663284	174	172	170
-8.407502	0.292194	29.519423	187	186	187
-14.510009	0.750073	37.735771	87	84	90
6.738446	-3.285072	38.276039	212	209	215
8.116475	-3.437268	39.983803	90	90	95
6.138583	-2.574911	30.204424	206	203	209
4.640574	-12.781630	46.733154	172	171	186
-4.779696	0.849139	15.690591	54	46	57
-18.585724	-3.400601	41.579483	93	88	85
-17.632349	-3.113698	40.705837	89	90	87
4.676146	-10.857038	40.866432	43	42	59
4.808842	-2.325670	30.317823	75	72	78
-0.434466	-10.723781	40.759483	136	126	137
2.772633	-10.821101	39.323025	44	26	43
-7.833426	0.414070	27.974802	75	70	70
-12.523705	-1.168806	43.262634	107	108	114
-20.026459	-7.405912	36.797874	63	67	69
4.136536	-10.340868	37.119686	31	33	49
3.580736	-11.515554	44.932842	189	176	191
5.937963	-2.531053	36.819454	117	114	120
-21.145205	5.030153	40.220726	117	115	111
8.160623	-2.440239	35.483986	31	31	38
-25.419270	5.917221	47.209415	117	115	111
-7.693628	1.644105	26.025904	65	55	59
4.232324	-8.299497	38.711414	32	10	16
-16.874292	2.709748	41.328651	129	128	132
-7.694051	-4.887844	22.704632	95	94	97
-14.746033	0.409801	41.823826	15	9	16
-6.840089	-0.731578	26.713860	72	70	78
0.643043	-11.645658	40.265797	26	9	10
-13.710878	0.610847	25.580141	171	145	75
-0.499262	-10.952061	36.769478	133	146	171
4.302323	-7.880223	38.504154	177	161	173
-19.627817	4.263051	39.317337	91	89	88
-10.051606	-1.724510	31.763443	4	10	16
-0.831999	-12.519688	43.261406	61	54	68
5.808076	-2.493419	36.046150	90	87	93
-13.567349	4.521439	26.535191	35	30	25
7.315225	-3.141033	36.330154	126	125	130
6.081616	-3.001140	34.772884	213	207	214
6.108249	-3.217254	34.920010	214	207	209
5.324031	-13.223630	48.537918	177	176	193
4.032100	-9.460001	35.855289	42	40	57
-6.664348	1.451407	22.514233	28	18	24
-15.284702	3.611741	28.419416	126	123	118
0.569561	-10.784023	37.536678	27	15	20
0.381805	-7.692459	39.322186	126	115	125
-0.555791	-13.658630	48.178925	57	48	57
-15.615149	3.749135	29.979267	106	104	102
-8.799842	1.523482	28.897680	54	46	57
10.233223	-0.755578	35.670868	31	25	30
3.963253	-10.070746	36.167080	33	35	51
-7.235474	0.183269	19.455595	38	35	41
12.571065	-1.948856	31.555016	188	189	191
4.845417	-13.082900	48.029766	172	171	186
6.996294	-5.872016	40.123260	188	175	194
-9.153172	0.894173	33.232254	24	17	20
-18.331678	3.990022	36.536327	95	93	91
0.620322	-7.904902	39.804325	58	53	59
-15.184115	0.430940	45.513329	145	135	135
0.387549	-8.130240	39.772675	91	90	113
4.232553	-8.312680	38.471390	32	10	16
-10.456142	1.591999	34.020947	169	169	173
-0.678817	-4.269300	34.100906	35	33	45
-4.695930	-0.496087	18.216297	57	55	61
5.193683	-9.470224	46.184620	149	128	138
-5.967058	-1.690016	14.890046	162	169	176
-9.591544	-0.912263	33.392651	92	91	98
-21.889572	-8.085669	40.205063	23	27	29
7.279483	-5.676556	40.388546	59	42	46
-19.528181	-1.578705	47.154125	10	0	1
-21.044441	-1.214456	49.082817	29	17	4
0.241440	-4.885417	24.839636	60	57	64
-7.044746	1.385081	22.799383	155	157	156
4.657812	-10.963835	41.538342	15	11	28
-14.045871	3.379064	26.968325	106	104	102
6.823135	-3.249322	42.285912	137	134	139
6.859766	-2.108640	30.468069	40	41	46
0.388399	-8.373991	42.431484	99	90	105
9.690015	-0.648054	33.966248	23	17	22
-5.617061	0.596697	20.071844	39	34	36
-4.019587	0.719933	13.200772	54	46	57
-5.231360	0.656256	17.804981	49	32	38
-15.289517	1.601197	34.225044	105	103	113
-5.928624	1.182744	18.357431	50	32	33
6.986619	-6.045146	40.726402	174	164	184
-0.710197	-4.676585	36.853947	35	33	45
-15.721205	3.660101	29.194244	118	115	109
-6.543372	0.365486	23.397139	39	30	30
-8.074071	2.065784	27.005991	60	39	45
-4.178596	-0.454052	16.120386	53	52	57
-5.531974	-0.263793	13.096545	53	39	20
4.430797	-8.639309	39.587559	18	5	13
13.838024	-1.749845	34.110085	52	51	54
-4.643039	-1.383541	12.749834	6	10	14
-20.129179	2.700669	42.070221	7	2	5
-6.880776	-5.461725	37.867950	55	48	62
7.396360	-4.468325	40.629543	188	170	169
1.248328	-11.605076	46.371700	160	141	158
-4.062918	0.714274	13.992640	167	151	146
0.923213	-8.205193	32.847427	161	145	161
5.843878	-3.628579	33.060879	188	171	171
-12.525993	3.901681	24.563604	166	162	161
8.677626	-2.681024	38.055515	40	41	46
5.674304	-2.562388	34.480900	55	52	58
-5.078426	0.381280	17.507534	141	147	145
-11.183722	1.361399	38.672688	39	22	26
7.112112	-2.640841	32.660667	152	150	157
-14.533913	1.096333	48.853218	30	16	19
-0.628539	-5.543347	43.642582	18	14	25
-5.003825	0.540023	18.025991	39	34	36
-5.487494	-4.270643	33.870537	67	60	72
-5.500224	1.429033	18.451620	74	52	56
0.340759	-9.589490	49.262127	113	98	116
12.677992	-1.975353	31.883341	190	191	191
-13.321491	-3.701011	38.234207	98	160	165
12.592494	-1.596534	31.041981	38	39	40
6.159429	-3.234243	33.262630	54	48	50
-7.298978	-0.951999	28.486195	53	52	57
-15.798139	2.529738	39.056194	151	147	150
-7.385770	1.444561	23.797562	155	157	156
16.824156	-2.035071	41.426151	82	81	82
-5.492913	1.106658	14.526736	26	12	12
-5.440915	0.822964	14.576560	173	153	140
-7.816986	0.827803	20.119040	120	103	110
-4.175401	0.523747	14.297529	58	45	50
-0.632438	-4.641779	36.799850	15	11	22
-20.575993	-5.553857	47.829945	17	16	25
-18.433956	-4.255671	44.430809	97	92	99
7.574628	-3.348785	36.696877	207	203	210
-7.961648	1.866837	26.623074	41	43	44
8.761709	-0.487914	30.995634	25	19	24
8.264684	-2.655828	37.294937	45	46	51
-7.069842	-0.954613	27.584812	53	52	57
-15.425612	-3.626929	42.338165	2	8	20
-5.540716	0.412105	19.082922	141	147	145
-9.146507	0.456649	32.596222	75	70	70
-3.744147	-3.973353	31.656754	72	57	67
7.708490	-0.898411	38.213017	84	79	81
8.981917	-4.055988	43.078644	207	201	208
14.140136	-2.353958	36.264633	196	195	195
6.940161	-3.549459	40.374516	215	211	217
5.332789	-2.517251	28.916941	35	35	39
-7.961648	1.866837	26.623074	41	43	44
9.251324	-0.503956	32.837330	25	20	25
-0.459715	-3.340287	26.415888	12	10	20
-5.346526	-5.487117	44.262154	81	59	67
6.527112	-0.445228	29.575781	46	43	44
-3.889306	0.480355	13.633532	14	4	8
12.268153	-1.380741	30.368587	38	37	38
8.365514	-0.892995	41.360493	104	99	101
-4.137788	-3.271582	25.929884	67	60	72
-9.854288	-3.078079	40.925346	187	175	187
11.998904	-2.052039	31.396755	195	195	192
7.788263	-2.559055	35.246246	45	46	51
5.502513	-2.344018	32.412102	50	47	53
3.050878	-1.689216	19.125130	206	199	202
-7.209407	1.586780	24.050512	78	81	83
-9.391444	-2.405591	23.410923	60	106	103
-9.858227	1.522925	34.580704	143	127	125
-9.142594	1.287691	29.105286	140	143	146
-3.749913	0.439458	13.062137	120	115	117
-11.246789	-3.264816	27.565521	93	104	110
-2.958899	-2.976104	23.841652	79	63	76
