12.727004	-4.748461	24.731243	96	86	85
9.056963	-3.609909	18.993469	200	191	199
1.330938	-1.869236	22.003305	44	44	54
12.986166	-7.266270	26.676762	123	112	108
15.510381	-8.167092	30.454231	38	18	7
12.463267	-6.358757	27.203554	167	128	150
7.301617	-3.876004	20.276907	149	138	138
9.053240	-6.708149	27.494961	166	152	145
2.775089	-1.431368	17.780043	25	25	33
1.302749	-2.248112	26.626514	162	162	172
14.890471	-7.555875	31.516869	140	126	136
14.118651	-7.708191	35.228737	188	178	182
3.402175	-1.938147	20.454447	122	120	130
13.035062	-5.860418	27.236628	175	135	134
-1.399692	-2.146382	20.222900	151	149	157
0.714985	-1.724835	15.451005	67	64	70
11.165523	-7.151435	35.721138	151	133	142
20.074558	-13.642381	44.622147	119	121	136
12.059131	-6.621774	33.317982	65	47	49
1.958707	-2.610927	21.458055	152	152	152
15.035633	-9.205068	47.737957	158	146	155
1.479634	-3.110662	25.158281	49	49	61
2.643417	-2.498783	19.929718	38	36	47
2.001204	-2.622040	20.525446	22	21	26
25.251682	-8.784550	47.873283	184	170	168
2.918886	-4.692516	36.776287	34	32	40
-3.185460	-7.285153	39.843056	121	126	123
12.947399	-8.215940	29.039320	138	131	134
2.307759	-1.984704	22.488611	82	82	92
0.697527	-4.246544	31.297857	119	122	129
6.854112	-4.332425	33.010235	145	139	148
0.292897	-3.635710	28.179667	136	139	146
15.926242	-5.551062	30.189102	194	177	176
1.476047	-3.199911	25.064003	166	166	178
0.623143	-13.164366	43.001293	94	87	97
-1.070552	-2.850921	30.907799	55	55	65
-3.907648	-4.623613	37.313496	168	159	153
-1.716008	-2.380497	24.685394	85	85	93
3.204910	-2.228935	20.089043	43	41	53
1.373819	-1.780866	22.008261	144	144	154
13.329412	-7.220441	32.111252	24	18	22
10.393559	-5.563998	24.197115	69	23	36
-0.723636	-1.919992	20.736618	34	32	40
11.692891	-8.509772	27.488569	115	114	135
0.964367	-10.193745	43.140263	135	129	136
1.168074	-1.752453	21.885859	81	81	91
14.990955	-8.068880	29.199280	152	130	124
11.380282	-8.848751	32.730621	142	119	111
-1.424741	4.868327	40.553589	15	12	31
6.416012	-4.964921	18.447601	84	73	70
14.733133	-8.117925	29.049030	30	13	5
11.873582	-9.870866	37.467644	109	89	84
18.018337	-14.953094	47.106552	32	16	20
2.083814	-1.858768	20.050211	44	42	50
9.512526	-8.965664	30.600088	124	118	127
2.025024	-1.876955	20.703321	153	153	163
3.553461	-5.939085	19.070492	110	107	114
12.702241	-7.026910	34.485840	45	43	47
0.863701	-4.293619	30.299215	16	19	26
-5.359815	-6.767448	33.179424	54	46	54
-0.256646	-2.219763	20.311701	60	60	68
8.283238	-11.430995	35.943802	67	40	29
3.833759	-2.152157	22.917150	122	120	130
10.126940	-6.100538	27.214691	28	18	16
13.035968	-6.656207	28.452742	196	165	183
15.259089	-8.348663	38.230976	197	185	186
14.370720	-7.445410	34.117821	114	97	112
13.465176	-7.130878	26.830851	168	150	138
14.143464	-7.711674	34.173359	21	16	18
11.007695	-4.936143	23.037786	175	135	134
13.556097	-5.981530	27.942133	205	183	176
13.268183	-2.367739	39.849758	116	111	113
13.895018	-7.386618	32.225311	81	43	59
10.785720	-5.667240	26.532612	26	21	25
1.325517	-1.996565	24.901775	73	73	83
2.879737	-1.517350	18.571594	29	29	37
8.755484	-4.870865	20.982542	100	95	100
6.047750	-3.910909	19.556265	109	91	100
14.180499	-9.007085	31.807076	64	58	65
1.142520	-2.039015	24.102417	185	185	195
12.020417	-6.606591	33.173504	60	48	58
-7.758399	-9.720200	47.624123	52	44	51
13.950880	-5.197518	27.112465	102	92	91
-0.981268	-2.369208	25.860575	44	44	48
-1.680344	-2.413172	23.373623	123	123	131
15.343114	-9.402298	48.968571	118	105	115
3.902141	-2.252100	22.821259	64	62	74
2.060198	-1.602525	15.521686	201	198	202
0.698661	-1.652465	14.775114	67	64	70
13.452472	-7.195318	26.140656	160	138	132
-0.298513	-2.520371	22.727674	18	18	26
7.902715	-6.580153	25.832769	66	49	48
1.671442	-2.240737	18.151829	157	157	157
14.079030	-7.812306	28.874048	123	112	108
-4.998817	-5.798246	46.846630	92	86	82
1.846200	-3.869264	31.324528	102	102	114
17.607868	-9.258356	34.545544	44	24	13
7.104602	-4.353762	22.548544	172	159	167
-9.156342	-13.569297	49.152046	52	50	51
2.991065	-2.843655	22.640856	96	94	104
2.177093	-2.902070	22.553007	74	73	76
2.499322	-4.117211	32.149170	32	30	38
0.422651	-3.901103	30.094862	121	124	133
0.277278	-3.665530	28.235292	46	46	54
13.143383	-6.791604	29.483446	71	22	38
0.834025	-4.129036	29.163992	16	19	26
16.327322	-8.329137	34.712242	176	155	167
8.002655	-4.345293	22.569801	202	180	176
-3.209455	-6.941773	37.946167	183	188	182
-5.309521	-8.356543	44.737312	34	35	40
22.899853	-7.990074	43.477173	189	177	173
14.992593	-5.945495	31.380159	154	132	137
10.270268	-9.827729	33.302723	109	102	112
4.723735	-4.505220	15.305480	153	145	155
10.694637	-7.592891	26.793682	74	89	93
0.865403	-1.967241	22.008570	108	108	116
10.384338	-5.953444	28.349108	164	140	133
7.302628	-6.044906	23.754795	74	57	56
15.345727	-1.808923	43.360065	65	55	56
0.425688	-4.313934	33.046734	54	54	62
10.227418	-5.376452	25.280855	27	23	27
9.811041	-5.206088	22.916245	73	33	46
9.714204	-5.379748	23.666485	20	15	17
1.117449	-1.678892	20.787193	95	95	105
14.200979	-7.643869	27.643667	152	130	124
1.190121	-2.220934	25.881355	149	149	159
-0.717745	-1.775684	19.192427	26	25	30
12.315630	-9.684214	35.622169	158	130	119
-1.556263	-2.325287	22.393673	151	149	157
11.461984	-6.369632	23.527241	124	114	110
11.393161	-6.090340	22.568754	28	7	0
-8.752328	-13.141246	47.417774	74	71	76
4.872218	-2.796228	28.458128	64	62	74
10.105593	-6.135644	27.136494	16	13	17
2.487823	-1.965542	18.800602	200	197	201
13.759042	-11.474613	43.105686	139	116	111
-0.321992	-2.577977	23.418425	18	18	26
1.422499	-2.980429	25.040703	152	150	160
-4.087993	-4.743296	38.297852	175	166	161
2.670761	-3.699299	30.199451	152	152	149
1.467403	-3.060363	24.517376	102	102	114
4.212300	-4.020311	32.236931	96	94	104
1.937633	-2.528811	19.778084	22	21	26
2.236298	-3.767362	29.652412	10	8	16
8.973202	-5.739223	43.953434	154	149	159
0.846569	-4.332938	30.490374	11	14	21
9.089658	-4.379769	31.090359	169	169	183
15.283509	-8.372439	38.339283	202	187	189
12.646446	-6.506480	27.108532	117	99	110
4.259622	-6.043130	24.999514	118	103	101
-5.210473	-8.126787	43.500801	38	38	43
-6.131553	-8.682182	46.702110	62	59	65
13.548004	-7.528694	32.311348	57	51	56
15.853353	-9.040367	40.043114	49	40	34
21.923738	-8.629112	45.561054	154	132	137
11.659033	-6.326578	32.886944	199	178	174
9.486173	-5.893649	30.325710	118	105	115
-5.960236	-7.444391	36.612083	80	72	79
11.205893	-7.207925	35.794941	37	24	31
-1.239668	-1.599544	21.277220	44	44	54
4.819521	-2.565657	11.176633	71	22	38
-1.505554	-2.314882	21.979584	149	147	155
10.022301	-5.489573	27.359831	35	25	31
13.773378	-6.187714	28.722832	133	93	93
15.228685	-6.051728	31.756104	173	152	157
10.731355	-6.684369	33.858528	188	170	176
1.631095	-1.289380	11.116210	80	76	87
-0.784147	-1.771479	19.324055	24	23	26
2.722949	-1.483999	17.654436	27	27	35
12.381083	-9.731429	35.872730	158	130	119
9.871202	-5.673626	26.937626	175	143	131
0.843462	-1.305687	15.442897	125	125	135
-4.051188	-5.933429	27.028753	7	6	11
-0.291497	-2.292818	20.749662	21	21	29
3.212802	-2.557346	22.006907	84	83	88
9.270903	-5.165226	22.102377	29	21	28
7.280589	-5.546238	22.476570	188	169	160
12.671781	-6.544077	27.230862	117	99	110
17.849916	-10.836446	47.780025	15	12	16
16.010611	-9.192725	40.557667	61	52	46
6.554811	-5.434335	21.404203	149	127	126
3.994791	-2.413843	23.726980	124	122	134
2.089469	-1.712147	16.223967	198	195	199
1.258302	-1.782583	7.335549	118	103	101
-4.255110	-7.559924	39.559330	127	126	129
14.233296	-5.093088	27.271599	185	174	173
3.022983	-2.685306	21.181025	179	176	192
9.846734	-5.481338	24.939169	72	61	62
-5.111445	-5.672690	46.052719	172	162	159
2.267616	-3.843593	30.191368	37	35	47
-5.631557	-8.027308	42.740124	82	79	85
-5.998465	-10.754828	38.683540	71	65	73
11.472378	-6.322832	23.407143	150	133	126
-4.850273	-6.106896	37.721272	83	81	82
-4.648612	-6.304368	28.894426	9	8	11
13.087553	-5.909268	25.567940	36	24	25
-3.351029	-3.649799	27.896349	76	69	72
13.447491	-6.935605	28.903233	186	164	177
11.665333	-1.926955	34.958405	143	133	137
0.931077	-7.926263	32.831310	178	168	173
2.716407	-2.476493	17.301188	37	36	39
13.676697	-3.502601	46.205215	139	132	130
3.487629	-1.880596	22.380487	25	24	32
-0.886773	-1.881952	20.777737	25	24	29
6.625436	-5.749354	40.123840	11	11	11
6.332051	-3.539652	16.103884	154	143	145
15.080648	-6.632774	31.261852	191	158	153
1.764135	-1.433108	13.593847	201	198	202
9.793442	-5.041511	24.385311	110	108	114
-0.296213	-2.413188	21.235462	21	21	29
9.909788	-5.464001	26.948782	29	25	32
-4.222282	-4.616051	37.906406	202	189	182
10.437871	-5.713984	29.400585	180	156	153
16.600292	-6.566305	34.409634	184	169	175
6.735321	-4.376321	33.524757	171	171	182
3.308351	-2.106148	21.782444	21	17	30
6.785110	-2.518892	13.272808	190	179	176
-3.066351	-4.603065	24.618092	62	59	65
1.080030	-1.598587	20.038605	97	97	107
-4.054212	-7.982268	36.334164	153	147	153
-1.598482	-2.217793	27.800173	26	26	36
2.749672	-1.579516	19.583168	173	176	185
11.329955	-4.989572	23.541264	198	171	162
-5.345066	-7.277030	33.425316	6	5	8
-0.815787	-1.727327	18.987932	25	24	29
5.728581	-3.493595	34.575245	135	133	145
6.706574	-3.739026	18.401730	29	25	32
12.858045	-5.179271	26.692850	178	162	172
14.521072	-7.890265	41.010521	194	174	170
-2.504649	-2.733993	22.520657	208	186	178
-4.150197	-7.319914	38.095776	158	159	162
9.946990	-4.822438	33.861378	133	131	151
7.049407	-3.712347	17.850847	98	97	101
-1.457443	-2.262793	21.409048	149	147	155
0.897878	-4.626139	32.112171	10	13	20
14.081553	-2.324715	42.206257	143	133	137
-4.527020	-4.809067	36.317383	79	74	76
0.752599	-2.412358	19.548204	178	181	192
-4.906302	-6.148799	38.067093	103	101	102
-5.290825	-7.043968	40.884113	189	189	187
0.713052	-1.538622	16.121412	74	72	78
-5.183590	-10.098077	45.461433	153	147	153
11.846253	-1.326753	33.909882	63	53	54
4.467308	-1.790787	9.277753	173	163	162
-0.976628	-1.144189	18.093140	159	158	173
-3.110435	-5.937544	32.233421	191	196	190
2.478968	-1.149786	18.207792	180	180	192
0.775484	-5.240107	41.811295	139	142	153
-4.626468	-5.836210	36.379433	85	83	84
3.175230	-1.383109	18.880768	170	173	182
12.736661	-3.082937	44.112679	167	157	157
1.026230	-5.905590	41.188820	15	18	25
3.359108	-3.030786	21.187140	36	35	38
-4.381540	-4.698772	34.409615	103	98	100
3.288087	-3.072725	23.456514	141	138	155
-4.914578	-1.590869	47.504589	57	52	51
5.304508	-2.947314	39.066452	177	177	189
0.803112	-2.595668	20.990238	178	181	192
-2.933882	-3.109828	25.783070	209	185	180
1.033826	-2.081172	17.782230	167	165	173
-0.337546	-2.131158	18.879269	22	22	30
-1.075722	-1.961897	22.065187	21	22	27
4.894658	-3.043900	30.475225	76	72	82
-3.856652	-3.002883	31.685539	127	120	120
0.903561	-1.936150	20.641050	74	72	78
1.011055	-1.668831	20.393152	147	147	157
3.466179	-3.067205	23.328983	159	157	167
-2.622798	-2.802858	22.548075	205	184	185
-0.199735	-1.658423	14.086707	22	22	30
-1.786286	-3.013698	27.726864	25	23	31
-2.608222	-2.302206	22.364441	154	142	142
4.329424	-1.870721	25.574598	175	178	187
1.929280	-1.052519	14.435275	181	181	193
-2.026704	-1.841270	28.016560	87	84	88
-1.261080	-1.646171	25.018049	168	167	182
13.374761	-1.409122	38.735870	67	59	62
