8.345172	-10.433557	39.621433	59	66	64
9.185150	0.036826	26.233715	201	191	181
-0.151343	-0.690968	24.320709	175	163	163
-7.293577	0.178128	26.401848	40	33	31
5.524083	0.325591	23.490322	28	10	9
10.521119	-11.149910	36.487259	32	37	33
6.430942	-3.142175	27.110819	89	94	100
-2.486883	-1.137518	26.402521	181	179	175
-0.783126	-1.221561	27.261972	121	110	93
-3.601520	-1.341726	28.375570	40	28	35
10.283399	-10.608066	36.176098	46	50	58
15.022191	-1.539214	30.990273	207	203	195
5.142993	-10.382485	35.937973	56	58	44
-1.014071	-1.592931	26.032066	38	23	17
6.696540	-1.781040	28.229633	68	69	69
5.158627	-1.824749	26.279211	112	109	113
4.860502	-2.034530	27.641151	77	75	71
9.893111	0.060779	23.828642	115	89	80
11.893135	1.019072	26.921234	54	42	40
11.437454	1.230725	25.534975	76	58	49
3.926290	-2.163280	27.433657	148	150	148
13.410838	1.824180	25.916445	139	126	116
6.374492	-3.480017	28.599783	66	69	69
14.559773	-11.052409	39.331741	60	64	72
21.175991	-5.036872	39.974316	141	139	120
10.503169	-3.945744	30.937796	166	82	93
13.393465	-11.260526	40.676838	165	176	193
5.441609	-3.708558	28.311125	74	80	90
11.694487	-0.168983	25.989841	38	27	26
-7.103586	0.281695	26.458817	147	136	121
-6.289769	0.467527	24.589064	72	55	45
8.394186	-5.041907	23.675474	122	123	108
6.076286	-1.566221	26.530115	152	150	151
9.659230	-10.507947	40.372047	174	173	166
4.852602	0.446314	20.456850	150	136	138
7.918667	-6.494218	28.683300	46	41	29
15.066641	-10.812445	41.857441	63	63	53
5.626594	0.175107	22.552881	119	74	66
-7.370852	0.520726	28.814526	111	87	79
18.042984	-7.306083	37.003662	171	152	91
13.483130	-9.686858	38.107918	201	204	193
12.918550	-10.161652	39.979542	198	199	195
10.323893	-10.346162	40.713299	135	141	130
9.246747	-10.168541	40.016598	39	40	32
7.582042	0.945941	24.230980	58	47	40
6.255502	-2.690716	28.325829	109	109	106
-8.635151	-0.769312	25.576229	104	82	84
-0.723305	-0.771936	27.109989	180	169	162
16.481447	-4.299660	32.756390	31	31	23
-0.651761	-0.696492	24.428162	162	153	147
8.646036	-0.044768	24.019569	73	63	53
18.826540	-7.452787	38.352596	222	197	119
3.878874	-1.969359	25.989496	196	197	192
7.552993	-8.971715	34.200569	106	113	111
5.564177	0.518130	23.456724	190	177	172
8.718598	-3.995902	27.153275	161	88	92
13.267595	-11.967031	40.801632	122	132	133
11.628019	-11.497808	39.485546	182	189	192
19.625986	-5.056665	38.536007	41	40	33
13.597898	-3.520172	27.024952	83	84	76
4.737724	-2.581124	29.331694	123	123	131
8.979538	-10.348470	39.919228	154	159	153
-9.704353	5.530710	25.093353	40	34	35
9.487876	-4.034194	27.614464	165	93	98
21.314629	-8.902524	39.324867	179	171	126
14.815951	-9.712151	39.158031	123	129	118
-0.639772	-1.480410	25.134068	153	127	106
8.223946	0.585456	24.670252	103	91	78
5.598197	-3.233408	28.224524	113	113	108
18.114761	-5.277766	35.712246	28	16	10
4.935937	1.542672	22.989101	129	74	63
8.994924	-11.497920	40.356026	110	115	115
12.323002	2.057022	31.845007	141	116	101
5.095055	0.559441	23.286572	62	51	49
10.271620	1.348452	26.377357	61	90	79
3.111943	-3.362459	26.245852	166	160	153
6.900599	0.836025	22.025351	125	114	97
-0.749244	-0.747974	26.838678	121	108	101
-0.207277	-0.727698	25.073694	169	157	157
6.762601	-3.729268	30.395779	66	69	69
14.237247	-1.485802	29.646418	221	218	213
-0.455072	-0.854690	25.160936	88	75	68
14.473063	-1.494438	29.832464	203	199	192
9.013892	-4.136333	28.108751	161	88	92
10.863722	-10.786708	36.991974	151	156	160
13.354152	-13.259145	45.472107	190	196	199
4.881288	-9.756555	33.915298	80	82	67
4.805482	-2.011589	27.328253	102	97	94
17.959364	-7.148041	36.586567	201	179	109
5.341049	-0.302687	25.407658	188	135	126
14.796311	-11.326837	40.014954	57	65	72
12.603365	-10.604198	38.135098	103	113	129
15.338509	-0.468800	48.409988	65	48	46
4.196073	-2.414069	27.291830	105	108	119
-1.024569	-1.555436	25.499155	31	16	10
15.184487	4.591549	28.336054	130	129	120
11.315670	-0.158582	25.147858	76	65	63
8.251557	-9.979737	37.925808	79	85	86
16.813721	-4.944088	33.969410	124	126	117
9.104038	-10.005203	38.379696	153	154	148
3.480260	-3.443939	27.459032	197	190	188
15.620038	-11.209495	43.394855	63	63	53
8.478710	-6.969135	27.319017	26	34	41
11.172586	-8.778972	34.315556	177	179	178
13.512506	-9.826393	38.593353	224	227	218
8.738215	-0.055216	24.275917	71	61	51
9.669898	-10.655918	42.071301	39	40	32
10.789890	-10.848008	42.827396	145	148	136
9.303001	0.031870	26.682686	163	153	143
13.286809	1.816891	25.819490	168	148	130
5.148608	-9.036948	36.393253	59	59	49
9.852593	0.036106	23.801147	113	85	73
14.921098	-1.773040	30.818377	208	203	200
11.480686	1.263198	25.748903	118	102	93
-0.885413	-1.182070	26.981276	129	115	99
11.331888	0.998813	25.698084	130	120	118
6.260974	-1.627231	26.124285	133	135	135
5.306402	0.317483	22.604181	32	13	15
8.242146	-6.803292	30.077175	60	58	45
-7.184839	0.263502	26.760818	150	138	126
6.154898	-2.674475	27.972887	127	127	126
-2.290437	-1.028702	24.318581	187	185	181
17.050697	-8.875930	36.822159	49	37	43
19.620899	-5.047279	38.525894	41	40	33
11.675812	-12.444956	40.781040	32	37	33
15.915387	-4.197411	31.528915	35	34	27
5.676896	0.514078	23.932085	179	163	158
-7.220344	0.486012	28.181459	105	87	76
6.731765	-3.271214	28.378391	89	94	100
5.165338	0.565498	23.741169	64	53	48
17.579161	-5.129149	34.656445	69	54	29
9.423989	-9.714740	33.152630	44	48	55
-7.315365	-0.643526	26.805811	46	41	40
-0.934893	-1.545898	29.814743	111	93	74
15.301469	5.689819	29.041582	125	95	23
10.296114	-3.880325	30.474064	159	71	83
4.654524	-1.666799	23.712057	70	72	72
10.037807	1.641058	25.940544	90	81	72
6.075090	-1.560431	26.524670	152	150	151
-9.802758	5.581868	25.347670	41	36	38
8.655809	-5.209101	24.413565	146	143	127
5.328121	-3.639638	27.958740	78	83	96
13.044573	-12.090590	41.634937	200	209	206
4.681858	-2.556761	28.986130	158	161	172
8.537909	-10.901742	38.374622	106	112	109
10.270451	-3.912591	30.487749	190	101	112
12.229576	-12.132281	41.642570	182	189	192
11.047171	1.208878	24.776749	154	137	128
4.620717	-9.111081	31.779631	72	74	60
11.479547	1.018478	26.032795	91	81	80
13.435474	-10.303445	36.334999	56	61	69
13.135999	-11.035898	39.687771	112	122	139
3.727581	-3.716944	29.873222	195	188	188
5.429828	-2.748947	24.140236	189	189	184
5.378137	0.587050	24.886389	62	51	49
-7.188401	0.493167	27.843781	86	69	59
7.867136	-9.450994	35.915794	79	85	86
15.568242	4.629568	28.981449	135	134	125
16.651703	-12.995145	49.256927	55	61	71
15.399302	-4.030816	30.506033	51	51	44
9.494853	-10.567824	40.615704	200	199	190
9.898105	-8.316395	32.321434	25	34	44
5.123937	0.468307	21.600813	144	127	128
8.319480	-9.164736	36.042015	44	48	40
13.970308	-10.191602	40.068657	224	227	218
5.387073	0.344937	23.337145	42	28	24
-7.278954	0.260545	27.111155	126	111	100
18.284153	-5.457166	37.581768	141	140	132
13.282926	1.822827	25.811829	168	148	130
-0.486382	-0.875544	24.869516	98	83	74
18.470201	-7.345854	37.689507	201	179	109
-0.920940	-1.508793	29.373510	71	55	40
8.705762	0.054043	24.969109	212	202	192
10.086226	0.025005	24.394695	113	85	73
8.998982	-0.093545	25.172062	85	75	65
10.715695	-0.180991	23.566404	58	47	43
6.796479	-3.077156	30.615488	100	100	97
-0.784932	-1.251020	25.044954	64	52	42
4.127320	-2.426699	27.280237	82	85	96
-0.632196	-0.656283	24.841356	162	153	147
-0.266107	-0.689592	24.795195	166	156	155
9.648505	-4.462569	30.226540	165	98	103
-7.964122	-1.188981	27.133429	75	63	64
-1.056115	-1.269677	28.821518	129	115	99
-2.738698	-1.225857	27.636497	130	130	125
4.293216	-2.277897	29.526520	191	193	190
13.119482	2.386864	25.483950	173	153	128
14.016925	-1.637044	28.950399	218	215	212
-1.208641	-1.706622	27.649221	48	37	34
8.281403	-6.811753	30.113514	87	83	67
6.176045	-1.586088	25.769264	92	92	92
5.201892	-2.203812	29.748695	138	131	129
5.651116	-3.257689	36.755974	158	161	172
-9.866066	5.583791	25.636841	30	25	27
8.901945	-11.535212	40.640091	127	131	126
-8.331073	-0.650230	24.456175	143	121	120
19.913816	-4.583331	36.935619	72	68	52
-6.647240	-0.861368	24.623940	94	89	86
10.331430	-4.526566	30.667839	178	98	108
13.919828	-12.879783	44.428524	192	201	201
5.190044	-3.586045	27.235746	82	92	106
16.951738	-4.956633	33.387432	69	54	29
14.122928	-11.047099	41.777126	49	56	66
-2.771865	-1.218227	27.643158	139	139	134
-3.506569	-1.436531	28.048376	63	51	52
8.465244	-9.814192	37.634083	131	138	131
-6.357058	0.201992	24.051258	119	102	94
13.480668	-1.553863	27.910900	215	214	210
11.710921	-9.202511	35.764057	159	162	163
-0.464960	-0.899198	24.515947	98	83	74
5.277148	-2.671838	23.461447	189	189	184
13.017467	2.120359	25.491041	135	113	94
5.052948	-9.147680	36.067554	83	82	71
8.591668	-9.539782	37.605114	26	29	20
9.156083	0.018115	26.529860	200	190	179
14.469351	-10.638679	41.925026	230	232	221
4.894994	-1.993897	27.348574	61	58	55
6.484780	-2.131075	27.950226	67	71	85
12.206920	1.707762	23.766542	188	166	138
11.986360	-0.203460	26.567673	126	117	112
14.460717	5.325936	27.339098	76	52	9
17.208548	-8.991673	36.982685	50	39	47
6.317239	-2.839656	28.084047	100	100	97
4.112967	-2.476103	27.291655	152	155	166
16.652454	-4.431353	33.027878	37	36	29
15.724740	-4.684326	32.320969	157	160	149
5.879663	-1.753061	25.342094	211	215	217
11.418027	1.001950	25.917046	130	120	118
3.642831	-1.896091	24.752670	148	150	148
4.424138	-2.301079	30.061480	200	202	202
-0.290612	-0.722909	24.430578	159	152	150
8.253511	-6.776204	30.075531	98	94	85
-0.550435	-0.638887	24.462885	176	165	158
12.666846	-2.575289	31.814585	30	30	27
-0.729670	-1.254253	24.675247	64	52	42
9.535422	-0.170873	26.805321	76	66	54
7.900798	-10.172746	37.480862	11	15	19
-9.405413	5.318897	24.552229	32	28	30
5.099893	-1.997653	27.410597	58	57	51
9.525394	-8.003337	31.104382	24	33	44
16.149014	4.802815	30.062592	148	148	138
18.489010	-7.354237	37.728760	188	166	102
8.730831	-4.007622	27.251095	168	107	112
3.459098	-3.466002	27.462267	197	190	188
5.651091	0.351068	24.735132	95	79	75
6.258344	-3.560508	28.266560	67	72	73
-2.889620	-1.223518	27.798157	146	146	141
18.400574	-4.811557	36.546410	25	24	17
15.364360	5.701598	29.046589	125	95	23
10.022838	0.016384	24.185852	113	85	73
7.962899	0.104438	22.978661	217	207	197
14.335937	-1.622682	29.725357	216	213	209
6.276433	-2.766610	27.556189	86	86	84
3.933271	-2.349549	26.726179	37	40	51
13.405610	1.885497	26.184490	181	159	136
4.034633	-2.002405	26.646803	205	205	202
6.209166	-1.808230	27.260691	216	221	220
12.500753	2.060677	24.282904	107	86	67
11.922091	2.274754	23.286732	202	176	141
15.897518	2.911805	30.054861	21	15	14
5.362036	-2.274201	30.317194	129	122	120
11.615890	-2.473579	30.530333	49	52	60
-0.591865	-0.657902	26.286695	182	171	164
8.085455	-6.722046	29.463144	83	80	65
21.519875	-8.498681	43.849251	224	196	116
6.198134	-3.492764	27.728971	67	72	73
-7.202506	-0.518592	26.485598	37	30	30
13.422213	-3.267570	32.061035	204	206	203
3.392770	-3.399662	26.935671	197	190	188
5.200768	0.545397	23.716494	61	50	45
16.861359	-6.221840	38.259804	106	82	29
-7.723341	0.533517	29.698179	95	78	68
-7.042222	0.252684	26.644503	152	132	116
16.996655	-8.723287	36.197300	51	40	39
9.845381	0.012929	26.168524	181	168	175
9.508597	-4.354481	29.613325	154	73	75
7.801933	-3.933041	31.247093	179	186	184
10.559689	-0.267659	29.814632	91	76	65
8.295835	0.402645	23.091339	94	85	79
2.765867	0.762682	24.065556	158	136	130
6.203111	0.496129	25.086861	214	196	177
13.097988	-0.451266	30.138170	191	182	176
12.375963	2.034620	23.974640	93	75	62
9.574055	-0.278493	27.032602	92	82	72
11.549276	-0.119513	25.614502	38	27	26
-6.757836	-0.466460	24.851036	25	23	24
15.927181	2.878105	30.111664	18	15	11
11.905025	2.301673	23.252825	196	171	137
10.103653	0.005657	24.633232	112	84	72
1.345105	2.261127	21.009731	39	29	28
-7.455837	0.182689	27.940769	125	104	90
6.731174	-2.977683	29.663151	74	74	74
10.481150	1.261558	27.244020	32	106	92
4.025573	-2.594198	28.675844	114	117	128
14.842724	-1.741587	31.160086	234	231	229
6.484860	-1.889389	29.233294	199	202	202
-7.256669	0.461943	27.723192	89	74	63
6.633394	-3.919075	29.903217	66	73	72
12.493567	-3.347718	29.722563	213	215	212
5.575354	-2.978267	25.723864	183	183	178
4.155396	-2.146611	28.564747	170	172	167
5.070664	-2.161472	28.807972	138	131	129
4.634523	-4.845140	34.255978	88	82	75
2.468927	0.460715	21.482021	150	133	134
1.458179	2.532891	23.523832	31	24	24
-6.234923	0.407319	23.820072	79	65	52
10.709411	-0.383486	24.642357	195	182	173
12.751809	0.979647	28.934961	55	44	41
10.435573	1.470397	20.383224	213	188	146
4.343131	-2.212151	29.443127	205	205	202
3.803879	-2.574695	29.445646	20	20	30
10.504211	1.414790	27.232176	48	71	63
6.942254	-3.039562	30.593321	69	68	71
11.315668	-0.078137	24.983793	33	21	23
-6.656458	-0.468901	24.296644	21	19	20
10.941923	1.130394	24.488710	155	139	134
2.348877	1.552572	23.812466	146	101	78
5.497451	-1.653913	24.783978	204	206	206
5.522034	-3.030463	25.719490	169	169	164
12.710875	-1.451010	26.683868	223	221	219
3.274545	-3.126582	29.538465	165	159	156
8.896754	0.060903	23.436174	174	166	178
5.566720	-2.372155	31.626177	129	122	120
2.458456	0.472229	21.018538	163	147	145
-3.299304	-1.676062	28.348345	44	42	38
9.648459	1.241012	24.778513	38	93	81
-3.065860	-1.251035	28.113070	33	35	32
4.254352	-1.996826	27.475897	201	200	198
0.592977	2.465927	25.904575	23	23	23
3.658299	-2.610154	27.537487	148	144	153
3.261851	-3.022413	27.599028	148	146	142
2.270908	1.295939	21.935356	80	54	33
5.925732	0.368901	23.015326	212	199	177
6.574196	-3.994392	28.816416	74	80	84
7.515309	-3.829221	29.189966	146	153	151
13.467722	-5.099042	33.330502	224	229	223
4.438495	0.306727	19.454647	50	39	34
