6.480702	-5.299191	27.996599	146	148	120
21.773418	-6.947540	37.364025	212	218	219
17.444746	-9.920897	39.670956	161	147	131
12.676976	2.727442	23.479122	56	43	38
11.068257	-7.143933	39.275883	177	175	171
8.779585	-6.005322	33.291622	171	168	161
8.826775	-1.855188	28.002192	87	82	79
12.908092	1.932917	27.302382	147	144	145
3.998981	-2.328278	25.009289	145	136	132
2.455128	-7.066175	28.449594	99	37	7
9.626131	-5.443964	32.047112	171	164	163
6.088014	1.783745	34.874237	147	112	113
12.313475	-7.575369	29.504261	209	212	230
9.564994	-6.255070	31.364193	42	44	59
13.385779	1.443838	26.193924	176	166	167
14.923854	-8.175325	33.778763	90	74	59
18.023880	-10.792293	41.942703	144	141	145
14.673177	-11.310355	43.490257	184	184	179
5.904586	-9.662469	36.645306	119	49	24
14.770640	1.157820	29.426771	88	69	57
11.061625	-2.538292	31.138809	41	42	38
16.655148	-6.694809	33.919102	87	87	90
3.469985	-4.210753	39.371113	84	67	57
13.960527	-6.656291	28.488192	123	106	97
9.730610	-5.823173	38.403881	174	160	149
2.371156	-3.321492	30.485836	170	138	105
13.122127	-3.651538	34.341766	41	40	38
-7.737986	-0.822329	39.408806	138	140	140
11.512562	-2.075490	36.401459	116	103	98
9.037468	-1.652526	28.490807	154	141	134
13.031178	-10.498323	37.741531	80	82	77
15.638641	-7.765562	34.756454	129	87	44
6.908572	-2.807939	23.360050	86	58	59
9.527638	-3.889222	32.148270	58	17	21
2.202900	-0.606001	26.505850	145	152	145
-0.631731	-1.715558	31.847145	160	160	144
13.153913	-9.530051	33.144775	189	192	199
13.323665	-9.998560	35.014870	166	167	172
0.254026	-5.147473	37.995159	108	112	127
9.249940	-4.067960	30.992418	156	124	123
10.672651	-8.205560	45.051159	149	148	122
17.001053	-12.567698	39.769642	107	114	112
3.705028	-5.990120	29.885124	134	52	8
9.823699	-6.086541	31.171137	162	161	170
2.746071	-6.686408	26.282097	132	61	32
6.459406	-3.336236	28.958387	183	153	135
-1.703547	-1.919588	27.289717	114	113	116
-4.184077	10.327091	40.796825	117	117	112
7.628194	-3.193643	26.005711	58	12	19
10.730909	-7.798516	27.554443	44	45	50
14.565321	-8.031338	33.038334	118	107	92
-0.876040	-1.543931	28.271839	152	147	135
-0.763063	-1.940534	35.517586	167	164	149
9.269032	-1.722582	29.433325	116	103	98
8.022737	-1.683360	25.461725	87	82	79
11.314422	-9.972246	43.667850	79	66	67
13.335253	-6.680834	29.729759	133	79	40
8.440004	-3.698215	28.243063	156	124	123
12.431044	-3.531602	32.536217	35	35	32
13.690325	-11.028167	39.651348	109	111	106
22.875889	-7.288738	39.261444	161	167	168
5.489004	-3.195605	34.287560	154	138	136
14.965514	1.194613	29.846561	80	61	47
13.864223	1.522609	27.201313	120	110	111
10.734506	-7.776026	27.048878	203	206	213
13.499401	-10.186172	35.545086	178	181	187
15.093341	1.645674	29.080442	180	170	171
2.794847	-3.862078	35.497910	182	137	86
11.890885	-2.705714	33.555504	31	33	28
11.469010	-7.075039	36.292404	161	161	171
8.807658	-7.110368	27.447880	200	200	195
6.235154	-3.816548	24.989960	176	165	153
10.840473	2.547025	26.040640	184	168	154
9.920354	-7.695848	42.270489	136	135	110
13.759671	2.127918	29.307905	172	162	160
17.735775	-10.125735	40.458050	184	170	156
2.781512	-3.365062	31.431513	84	67	57
14.520773	-2.526954	26.339466	108	109	114
15.836543	-10.973891	38.522625	222	230	235
7.964286	-5.495564	30.122458	166	165	159
9.961033	-6.534237	32.841949	35	38	59
0.285561	-4.452911	31.712078	125	127	126
16.413837	-6.597745	33.491207	106	107	111
3.212090	-9.389226	37.796345	126	70	36
5.205874	3.195717	36.302322	100	86	83
7.888985	-4.538304	26.468956	157	151	147
8.847304	-5.438421	36.149132	164	155	143
11.769049	-7.229624	28.262913	191	199	217
14.928538	-7.131554	30.456480	102	78	64
8.748755	-7.152905	37.800503	114	114	90
3.578675	-4.271313	29.403227	119	52	7
4.419047	-7.332458	27.776657	104	30	5
15.418795	-4.018012	31.658127	60	60	60
6.670800	-3.401334	29.976402	173	143	125
7.722734	-7.529639	32.884098	52	53	58
9.227283	1.463143	46.004395	131	131	126
2.199883	-5.549872	18.735735	204	144	106
4.851829	-2.849556	30.922907	159	148	145
17.260159	-9.882680	39.519844	200	185	176
4.084697	-2.458713	27.370483	150	142	131
14.404920	1.137924	28.837376	87	68	52
14.983084	-7.660674	33.600513	147	79	41
1.997839	-0.864583	26.018154	189	188	191
23.482546	-7.507736	40.289249	135	141	142
-0.964689	-1.781491	32.779205	132	127	115
18.186316	-10.934441	42.467800	159	157	165
14.778182	-11.548901	44.224880	199	200	195
17.558157	-13.239082	46.064995	179	181	188
16.874733	-12.067408	42.001644	189	192	199
9.751109	-4.252971	32.112099	169	154	151
12.546765	-10.072021	36.301250	80	82	77
6.806312	-2.836087	23.236067	58	17	21
8.352057	-1.573162	26.444036	132	119	113
12.123564	2.557758	22.550873	30	20	16
12.458254	-3.577225	32.731441	61	62	59
2.828103	-3.969184	36.012650	196	135	56
4.927837	-5.791181	24.472324	214	180	163
8.682996	-4.980208	29.135057	157	151	147
-7.155771	-0.685285	35.782524	168	169	169
6.839406	1.569374	38.650158	88	52	60
6.945376	1.543967	37.993942	150	121	128
14.771398	1.410480	28.155737	100	77	78
9.366687	-6.195109	33.671913	178	177	178
7.400917	1.700159	36.423111	175	142	146
14.385182	3.130602	27.268360	67	59	55
12.445395	-7.666697	39.405495	152	152	162
8.717112	-4.938427	30.455477	49	37	37
8.750982	-4.906877	39.533829	138	97	94
10.262323	-10.006764	43.871452	48	48	53
2.146632	-3.681737	43.798328	140	147	142
10.660316	-6.492660	42.862423	157	144	132
5.072803	1.429108	29.052172	143	110	110
14.188934	-6.853197	28.952902	116	81	61
18.293585	-4.761838	37.589722	107	107	107
16.628708	-11.634113	40.499146	204	207	214
4.703509	-7.815725	29.396948	120	36	12
14.053271	2.186124	29.955191	175	161	157
13.575241	-10.852111	41.772568	200	200	195
-0.648330	-1.637501	29.958101	167	164	149
4.923239	3.031150	34.645969	100	86	83
0.361672	-5.799773	41.300442	120	120	115
7.798331	-5.369522	29.341965	181	179	175
10.483325	-9.325688	42.492062	170	172	172
12.178762	1.868106	26.168421	172	157	150
5.054164	1.350729	28.844810	147	119	119
14.628990	1.520242	28.404226	192	182	183
2.067988	-0.890911	26.720026	147	149	146
8.588759	-1.626520	27.158714	132	119	113
4.734585	-2.781100	30.242430	159	148	145
9.250809	-3.887284	31.696049	64	13	21
18.932129	-4.925400	38.909069	107	107	107
7.966477	-4.621225	27.951820	21	11	10
10.000091	-6.833539	37.458065	143	143	138
12.986385	-8.569381	46.656685	182	182	182
13.171820	-10.283036	39.362656	209	209	204
23.237352	-7.419159	39.873848	135	141	142
15.074522	-7.692430	33.916481	146	77	40
14.074474	0.642042	45.739521	170	164	155
1.961708	-0.587610	24.521063	167	174	169
8.464895	-7.795652	38.879341	189	179	177
10.831382	-2.562495	30.815254	22	27	23
4.823341	3.159111	35.400146	103	94	90
1.508884	-2.735692	31.226131	136	140	142
11.600487	2.380536	21.631147	32	21	18
13.121873	-10.570355	37.941433	114	116	111
13.108778	1.063392	26.395317	75	55	37
8.002138	-4.610308	26.753574	169	162	160
12.094719	-3.626178	34.312878	69	70	75
6.508110	-8.860556	41.194180	138	43	8
3.250742	-4.604228	42.274700	187	126	47
-3.149547	-1.656357	39.693874	145	134	119
19.806517	-12.039644	47.198566	154	164	184
1.637399	-0.768669	24.723503	161	168	166
6.571958	-7.938905	34.650013	167	58	12
9.867171	2.060624	24.126110	97	59	38
3.672472	-4.259061	40.432827	91	79	79
6.199148	-3.886926	25.259781	173	164	151
9.986838	0.628705	32.713810	158	146	138
10.413463	-8.201929	44.016979	151	153	123
12.903118	-3.326869	26.550741	62	63	64
7.638207	-3.146895	25.881777	58	17	21
11.758249	2.711401	26.386040	201	192	186
13.940912	-6.748628	28.395216	127	91	62
4.164810	2.929189	31.776667	112	108	104
12.743115	2.988142	30.183863	199	182	174
10.567206	-3.046104	27.738560	35	35	32
12.270247	1.941791	26.403969	182	172	171
10.777930	-7.251722	39.864849	172	171	167
-13.712957	1.454809	41.825272	143	151	144
7.987433	2.333499	45.156654	147	119	119
8.411983	-7.350083	32.108631	76	62	64
3.926334	-2.335230	25.333372	170	161	155
13.681125	-7.007124	30.823969	132	65	30
13.174379	1.119726	26.358191	58	39	25
8.553315	-7.694560	34.898716	170	172	172
20.655815	-10.152263	44.379910	204	167	127
4.044126	-6.511219	32.095627	128	46	1
-6.270635	-0.622234	31.000273	169	169	168
10.813288	-7.053360	38.782940	191	190	187
11.690298	-6.705137	40.704792	22	13	11
2.922773	-1.068596	37.070915	186	186	186
2.425863	-3.394419	31.086065	158	126	93
5.693225	-6.688601	45.367474	118	44	1
11.356933	2.519769	25.349850	198	191	190
11.279698	-6.649987	39.933456	29	17	17
10.540341	-1.952364	32.609020	169	159	147
10.094624	-2.470206	28.943796	16	21	19
13.336946	2.215851	28.898811	178	167	162
6.606878	-4.513098	24.650532	192	190	186
-9.562197	0.019255	35.794666	152	153	145
8.536604	-3.644367	27.676857	168	170	165
14.629746	-3.846040	30.385012	138	138	138
12.334386	0.481312	40.810944	174	170	160
1.980996	-0.798875	26.955950	187	188	193
13.041655	-6.063741	32.165894	96	70	89
4.444800	-2.682498	29.571684	150	142	131
3.928208	2.814309	30.380424	99	96	102
11.619934	2.723755	27.702988	184	168	154
11.218810	-6.355059	37.047848	144	137	135
2.506168	-3.714982	33.331509	168	108	38
-3.426600	-1.961448	43.433277	126	104	96
12.926798	1.644920	26.824415	60	31	23
13.489012	3.107760	30.605410	205	195	197
-8.836397	0.358493	34.338573	127	127	122
8.361714	-7.703903	34.534866	148	150	150
9.606779	-8.511674	45.416588	37	12	8
6.092427	1.613334	34.618187	132	104	106
2.120610	-3.663577	42.661201	131	138	136
11.413339	2.483692	28.227680	69	38	28
2.307294	-0.825683	30.732424	186	184	192
14.820727	-4.256647	42.428005	72	70	68
7.881913	-2.448377	20.779467	21	23	20
7.563528	-5.190993	28.097593	181	180	176
-9.439980	0.347279	30.728546	155	151	149
11.394668	0.285324	46.168343	164	160	152
15.738454	-3.687226	45.072498	12	16	18
14.587425	3.381217	33.136757	205	194	196
5.472269	-3.323237	19.820168	27	13	13
9.250236	0.322297	30.875610	172	168	158
-7.735734	0.025401	29.001377	161	162	154
1.861719	-3.280851	38.263607	136	140	142
10.875143	-5.256947	27.303894	87	74	90
5.222842	-6.571533	42.372013	129	45	3
-0.086558	-3.124722	18.696775	153	142	139
12.470487	0.288578	41.284554	161	160	149
13.715732	2.761500	33.986443	70	49	38
7.128239	-2.097383	20.682596	26	26	29
14.069937	-4.220901	36.152538	22	23	19
3.753349	-4.889513	39.392872	200	147	121
5.751457	-2.637132	20.079380	85	29	38
14.206102	-5.788721	43.920986	172	170	170
-3.029205	-2.818594	35.207470	138	123	88
-2.819374	-2.074194	35.573193	169	157	118
3.517785	-1.369583	46.596600	131	132	135
6.467453	0.819781	36.668755	13	14	6
1.919616	-2.622292	15.748241	126	43	3
