13.622925	-5.750368	26.965593	196	220	216
-17.457001	-6.404653	38.965668	194	195	200
20.535318	-12.003172	42.154003	210	228	212
-20.541101	-7.162677	44.808868	176	176	184
12.785985	-9.674887	34.968781	218	230	230
-16.767910	-5.655606	36.261162	196	196	204
-16.790058	-5.956859	36.306458	170	170	180
19.565039	-10.293166	47.359196	201	225	217
3.735320	-1.748940	9.268877	207	232	227
12.412273	-6.629367	35.133232	191	199	199
18.858110	-12.070992	43.602379	208	234	211
-4.553677	-0.484172	36.520718	194	188	195
18.602348	-8.688973	38.532341	195	224	212
-7.084461	-1.929785	40.282200	207	210	221
18.350044	-10.119798	39.833950	201	219	223
19.563526	-10.250443	40.340569	199	223	215
13.501608	-11.284500	36.714504	188	199	193
4.097279	-2.223650	10.037421	209	239	231
18.052679	-12.281540	49.518951	201	214	221
16.578886	-9.823911	39.936676	204	229	226
16.403008	-9.990689	40.599449	185	214	205
-16.320675	-5.443892	34.078602	4	4	8
-12.195956	-5.951559	32.575676	185	173	173
-1.174348	2.947855	27.251173	210	209	214
19.598963	-9.939491	40.081699	202	232	226
-1.401083	2.259655	32.414379	192	180	182
18.363432	-9.797625	39.518459	201	217	222
18.619652	-10.185054	41.048008	176	200	189
5.107223	1.622840	23.372639	161	165	167
20.877405	-9.743546	45.720173	196	225	205
15.832076	-7.897933	45.184048	188	187	192
-5.970128	-6.278108	37.664215	54	48	64
16.286507	-9.952998	35.205040	201	222	207
20.692707	-11.489763	40.386028	183	206	188
17.826815	-12.233314	43.241833	211	226	214
21.439676	-10.158203	46.331486	193	215	209
24.495392	-11.241570	46.157970	181	208	192
22.057093	-10.717852	48.835693	181	212	200
-1.175204	2.100640	37.949078	27	15	17
18.190102	-8.971672	39.755753	179	203	192
19.469267	-9.817839	35.239056	180	202	192
-0.925004	4.386584	26.524445	177	167	166
20.878889	-10.036427	39.213341	197	219	222
19.471842	-10.532454	48.438400	169	193	179
-1.500470	1.546891	31.828016	195	187	195
22.020187	-11.601855	47.995148	182	206	195
18.407360	-8.813188	45.232124	225	235	219
-12.647136	-5.933484	33.748337	188	167	161
21.949343	-11.302539	40.594982	187	211	199
-7.129768	-15.270451	47.963673	39	31	54
17.896196	-12.953021	43.299690	190	211	193
-7.838645	-0.470263	40.802261	184	182	183
-0.108121	0.044803	1.710152	170	168	177
-0.667923	4.332245	29.615116	189	159	172
-14.593632	-4.785663	34.791271	198	186	194
17.007780	-11.105256	41.364452	210	217	207
23.550919	-11.735473	48.542091	170	200	184
18.800762	-11.383060	41.164192	181	204	189
-2.173786	0.559416	32.259575	149	148	153
-0.704327	0.298922	11.094185	169	158	165
17.307661	-11.168941	37.319290	180	194	185
-2.662924	1.048910	35.942596	196	195	200
-2.112694	1.210853	33.250858	150	149	154
-0.327630	-1.446746	30.776485	205	202	206
22.668856	-11.086532	40.708183	158	184	163
-1.057393	0.325871	15.763865	170	174	178
-15.482763	-5.087721	31.911783	129	128	131
14.054069	-9.522036	49.639763	39	40	61
20.383774	-9.674461	38.728230	188	213	200
4.366029	-2.586684	10.515847	185	175	168
20.913361	-9.739551	38.984486	194	211	208
21.317270	-11.228439	40.332623	174	202	186
18.699022	-8.400523	36.958813	177	208	186
14.873737	-10.820870	35.493202	186	200	189
-1.464832	3.504185	25.327496	168	162	167
2.339404	-1.263891	5.768579	190	211	193
18.141718	-11.956995	44.181934	165	178	168
16.703163	-9.301941	34.399490	189	209	197
15.106860	-10.300678	41.461235	212	224	234
19.667702	-8.334312	38.946934	182	211	204
18.839903	-8.922666	40.725342	195	213	216
18.681860	-9.996537	40.272083	211	224	233
19.847551	-10.093059	40.655849	207	234	232
-11.936481	-5.792502	31.706583	151	141	140
17.426151	-10.337196	42.014950	213	238	238
18.613195	-10.263438	40.546429	188	207	210
19.560854	-11.704317	42.153267	192	209	201
15.863626	-12.096552	43.528744	176	186	187
3.771510	-2.034607	9.288615	176	207	194
15.971508	-8.597750	39.266701	207	232	227
19.453016	-9.794759	40.250633	196	221	215
18.214308	-9.832056	35.386169	181	201	188
-17.161392	-6.293026	38.303246	179	179	186
12.907989	-6.947854	36.662392	155	164	166
-19.588009	-6.980552	42.380997	181	181	191
22.482145	-10.525111	49.226856	196	225	205
-6.419926	-1.795483	36.595909	123	123	134
22.487186	-10.809142	42.269783	178	200	202
4.455526	1.405403	20.500959	177	178	181
16.159201	-8.471914	33.453465	175	199	186
12.492701	-6.224772	35.610371	179	180	186
14.061325	-8.975395	39.655121	216	224	242
18.711657	-9.155211	40.875427	197	218	213
18.767347	-9.433916	33.987564	180	202	192
-1.025689	2.571673	23.822121	203	200	206
-16.520744	-5.497174	34.486435	4	4	8
20.509928	-9.559835	38.249622	190	205	212
-13.588966	-6.366299	36.060619	185	167	159
16.499990	-10.094851	35.695843	149	170	154
19.360868	-10.338944	36.242363	116	145	126
-6.563623	-6.944463	41.512444	48	41	55
-1.527169	1.551739	32.205902	127	119	127
-1.415302	2.353815	33.109192	192	180	182
19.436909	-10.022777	36.059940	178	200	194
-2.141871	0.576554	32.088661	149	148	153
21.258089	-9.751211	40.047703	188	211	203
14.431458	-9.802442	35.576027	73	105	84
20.848356	-11.795975	42.480221	196	213	207
19.553598	-9.517274	43.341923	54	89	69
-4.575309	-0.504143	36.404377	151	143	151
17.046238	-10.402613	42.274193	93	123	109
19.182243	-10.521137	42.341988	87	117	98
-1.231448	2.177683	37.808342	43	31	36
20.320229	-9.710778	49.952160	225	235	219
22.822321	-11.655981	40.935150	134	153	148
18.104029	-10.038373	35.504715	56	86	63
17.158825	-11.125890	37.079845	140	157	144
-2.565471	1.071725	34.459538	45	44	49
-0.715729	4.498501	31.058733	186	161	173
-15.733557	-10.780211	39.477734	25	24	25
4.551498	-2.704602	10.989343	207	182	187
-16.100536	-5.282926	33.179447	129	128	131
-19.454639	-7.291798	41.099346	139	137	145
18.475151	-13.452954	44.852184	152	170	155
-1.099395	1.584481	31.276497	70	62	68
-14.047731	-4.612582	33.569958	198	186	194
-15.155035	-12.033593	42.495750	196	193	197
-2.082504	1.205966	33.495365	125	124	129
-3.806158	2.837694	37.466557	172	157	167
21.286020	-10.141725	40.527882	49	81	54
-1.210435	5.264697	32.074966	176	164	166
13.015792	-8.825942	46.028397	62	63	86
2.843017	-5.223220	35.181973	135	136	139
-1.110704	1.189310	29.803555	116	109	112
-1.625025	3.894528	28.294371	169	163	168
3.733940	1.205663	17.281981	174	173	177
20.592873	-11.309180	45.496918	87	117	98
20.189857	-10.260159	41.355320	202	232	226
4.483779	-2.676332	11.029144	111	132	119
19.824215	-10.075381	41.098610	203	228	225
22.188070	-10.284907	41.941879	141	164	155
18.993732	-9.026761	41.780079	150	178	168
12.638719	-6.603463	30.993711	198	218	225
-18.422174	-6.725310	41.007835	194	195	200
23.256025	-12.002536	43.704494	124	151	136
20.890518	-11.816678	43.034554	195	213	208
-1.433366	3.089675	29.139391	206	207	212
15.487562	-8.188831	29.155104	72	103	85
15.603629	-8.577735	34.114323	116	136	134
18.491362	-11.353559	45.145241	127	158	146
-12.945741	-6.105999	34.396423	186	169	165
12.969969	-6.510889	37.253162	171	172	179
4.300909	-2.643139	10.508458	190	211	193
4.225243	-2.577398	10.474684	124	152	137
-16.893484	-5.691128	35.199184	8	8	13
14.837604	-7.205036	32.451115	179	203	192
15.822337	-10.831746	43.599159	142	153	165
-17.771906	-6.247223	38.490067	181	181	191
12.708938	-9.730031	35.013138	91	98	101
14.819192	-9.533746	41.849773	216	224	242
17.966818	-8.594522	33.804016	144	170	165
15.751019	-7.484269	38.895130	199	212	192
-1.312918	1.292473	32.970798	116	109	112
15.916371	-11.374268	44.210831	66	75	87
-1.878449	2.092904	36.151894	184	176	184
20.031866	-11.067223	39.197216	162	187	166
-6.809635	-7.233326	43.139038	48	41	55
-1.002236	1.784007	30.531317	45	32	40
19.823971	-8.510304	39.444107	149	179	168
16.526850	-9.913384	35.667778	203	221	212
-1.512670	2.544284	35.110592	183	169	171
-15.795950	-12.530199	44.105942	198	196	197
-17.300751	-7.793046	40.353748	198	198	208
2.763954	-5.082635	34.262218	135	136	139
-2.926360	1.223152	38.709732	45	44	49
10.376332	-7.054749	36.698784	72	73	99
-0.715514	5.913294	43.404179	134	122	122
-1.079008	4.687737	28.597374	176	164	166
-1.926599	0.555479	28.957436	145	144	149
-14.166998	-9.783028	35.678337	68	65	70
-1.329739	3.974219	35.600094	10	1	6
16.007940	-7.290315	39.672024	177	194	166
-0.601409	3.834085	26.677959	181	156	168
-17.311995	-8.033693	40.378227	194	194	204
-3.641774	-5.151797	32.816055	61	57	70
-15.890332	-6.419425	36.058090	208	204	213
-14.775968	-4.824222	35.185158	118	105	114
-1.691249	4.027143	29.210165	169	163	168
-4.132325	-0.431640	32.931217	153	142	151
-1.673931	1.452305	28.943802	188	180	188
16.407883	-10.956834	45.730225	124	131	147
-4.892448	-5.352129	31.817453	94	87	101
-17.836908	-6.296380	38.651382	181	181	191
13.898971	-7.024429	39.922359	127	130	137
2.778744	-5.044318	33.437954	153	154	157
4.319537	-2.576105	10.590935	208	216	211
14.361559	-7.840868	41.247387	191	197	200
-17.983521	-8.143175	41.940159	198	198	208
-1.784810	1.538973	30.929819	188	180	188
-7.043072	-2.101897	40.343399	216	218	232
-0.334347	3.794274	28.100687	134	122	122
-18.760830	-7.083436	39.747120	155	153	161
15.861243	-7.536133	34.883770	206	229	228
18.596197	-9.965403	45.606133	191	213	211
-2.077792	0.587399	32.019806	152	151	156
-13.774096	2.623604	44.318832	183	179	185
-19.074503	-6.927427	42.430553	194	195	200
15.630121	-10.017630	44.433979	226	234	253
-0.648987	4.095858	28.854847	182	163	172
-1.200432	1.179474	29.940651	31	26	28
-1.542129	1.516172	30.450920	191	183	191
19.386301	-11.561870	47.533234	110	136	129
-1.413530	2.191263	38.890469	77	66	73
14.425570	-7.640974	31.508896	203	221	223
4.983257	1.576195	23.240177	183	182	185
-1.679412	4.611741	41.791954	71	58	66
16.901327	-11.671267	46.646622	114	126	138
22.735846	-10.856996	42.877495	187	206	211
-1.599614	3.259944	31.455734	203	202	207
-9.246831	-8.302464	41.310837	93	40	21
-14.297183	-5.777901	32.444721	208	205	214
-10.366265	-1.118899	32.798691	49	48	54
-15.010939	-4.891481	35.586494	132	120	132
-3.578499	2.694496	35.638382	172	157	167
-2.162376	2.398759	33.207668	207	187	199
23.062199	-9.996103	45.757648	177	205	196
-23.890120	-12.415177	46.166531	57	54	61
-3.942943	-5.624775	35.545998	61	57	70
-22.010139	-12.052329	44.368301	62	64	71
12.129799	-8.682036	33.746429	177	184	200
-8.529807	-6.568437	35.265720	238	176	125
-15.542528	-4.059428	36.910671	166	158	158
-13.656440	-6.528491	36.028793	184	172	172
-11.436346	-2.947431	27.127865	160	155	152
15.756871	-8.551455	44.985012	200	206	209
15.307532	-7.752035	43.705807	142	145	152
-5.189549	-5.814289	34.552429	60	53	67
-1.574560	0.547932	26.105476	167	166	171
-15.526518	-7.001387	36.183620	206	206	216
2.806749	-4.888453	32.362278	193	194	197
-10.833069	-1.198459	34.303581	18	16	22
21.439186	-10.293114	46.863987	208	228	230
13.875579	-8.323492	33.920322	195	223	221
20.447464	-10.989306	49.968849	207	232	227
-0.335183	4.663464	33.959293	50	43	43
-10.798146	-9.722964	47.820087	93	40	21
11.072403	-7.079337	31.599188	223	231	251
-1.437425	1.419316	36.396652	45	39	44
-1.934080	1.910423	37.083000	183	175	183
-1.248351	2.127930	35.486919	43	30	38
5.141473	1.655475	23.948746	177	178	181
-1.799355	2.020001	27.711205	206	188	199
-2.936913	2.286354	29.718697	172	157	167
-15.598219	-5.006132	37.035137	179	167	177
-1.258014	2.793423	26.278648	207	208	213
-0.855675	0.862792	21.436323	26	21	23
-13.266816	2.543239	42.677013	186	180	187
9.226002	-6.825250	38.576122	111	102	115
-0.673625	4.717383	25.176369	161	152	148
17.910242	-8.361041	44.012337	209	212	199
-1.029076	4.341249	26.059484	170	160	159
-9.375510	-2.914325	29.975101	59	29	21
4.541173	0.207025	22.899851	142	141	146
-7.614275	-5.869614	31.783197	230	165	112
-4.810217	-6.810361	43.200470	37	33	46
3.508014	-6.326197	41.697514	193	194	197
-1.215400	2.327285	32.033806	183	169	169
-2.345457	2.485744	34.267586	195	182	192
11.804691	-7.564859	33.769646	217	225	245
-16.312714	-6.287498	34.642632	163	161	169
-10.884153	-8.455088	45.085033	234	228	218
-1.236173	1.872101	32.509125	29	21	29
10.008648	-5.462399	29.125389	111	117	120
-1.799375	1.772403	33.760342	185	177	185
-0.945207	0.907780	22.131281	31	26	28
-14.477819	-6.439140	33.643635	201	201	211
-17.209549	-4.523232	40.539303	167	157	156
-2.251549	0.966565	35.394684	180	179	184
17.074583	-8.688790	48.987904	171	172	179
-10.126027	-9.069979	44.756767	91	35	22
-11.590702	-0.738246	35.933044	153	150	156
-15.210567	-7.208884	39.597446	184	172	172
-1.724590	3.337051	32.493752	209	213	217
-3.264299	-2.285502	34.847305	156	158	174
-9.741725	-2.614727	34.536766	69	68	73
-17.262375	-5.561541	40.655941	157	147	160
-8.264222	-6.419775	42.254200	177	175	185
-10.295965	1.959348	33.128830	154	147	154
2.822730	0.899395	13.121618	138	137	142
-0.787291	3.681357	26.505737	135	127	135
-2.019515	2.125669	28.008451	121	113	121
-9.262247	-7.578352	41.045242	212	197	186
-7.545092	-5.495535	38.694145	134	134	144
-1.166008	3.187500	27.749493	2	2	4
-1.173067	1.761085	31.070517	31	23	31
9.929878	-5.376295	28.981001	180	183	187
-7.613455	-6.016797	39.031052	48	48	56
-1.458787	1.407709	27.091099	188	180	188
-1.106761	1.062188	26.544369	23	18	20
-0.287695	3.510924	25.271664	14	6	7
-1.670521	0.775813	27.821363	179	178	183
-15.712996	-4.053408	36.289650	162	155	152
-9.470627	-2.519778	33.547722	41	40	47
-12.392069	-2.106676	31.411104	77	37	9
-1.565305	2.964407	28.831322	138	137	142
14.899731	-7.581722	42.746063	127	130	137
6.903376	-4.463671	28.721153	48	46	57
-9.720025	-1.211508	31.285170	10	8	17
-2.214653	-4.744809	28.315216	152	148	161
-4.191902	-1.276214	32.895554	79	114	173
3.627026	-6.538164	42.372269	191	192	195
-5.539098	-4.525798	29.278584	145	143	153
-1.673240	1.696591	39.058464	27	21	26
8.663883	1.198368	32.689907	24	20	27
-2.348268	0.882715	40.811752	127	127	127
-6.810641	0.689732	46.884258	133	129	121
-10.204030	-2.126930	36.725456	184	181	196
-7.958275	-5.878811	40.984699	214	214	224
-7.046495	-0.952384	33.260803	150	148	156
-12.641877	-3.991374	39.266571	57	25	13
-5.365308	-1.831453	31.905558	211	211	225
-8.846319	-1.496384	22.417540	77	28	13
