14.556443	-9.843941	44.427071	59	45	57
-12.828416	-9.425711	41.500011	30	19	9
-18.076632	-7.624866	45.090527	46	42	37
13.227656	-4.289824	27.436098	16	13	30
23.920025	-7.584723	47.058395	133	131	139
14.241920	-9.513562	43.744408	193	180	190
-16.401255	-6.929344	41.507366	174	175	172
15.025794	-4.079722	27.787235	5	3	11
-16.183178	-7.212010	40.971359	208	195	190
-16.968021	-6.259746	35.276089	17	10	21
-11.356016	-9.034728	40.184162	29	18	20
13.079284	1.392410	23.600231	15	9	14
14.712208	-4.305643	30.457045	19	16	31
-11.478224	-9.744663	44.133156	190	187	193
13.116216	-8.763725	41.865959	214	200	205
9.221280	0.690175	18.646870	133	131	139
10.718647	-6.237481	19.910458	184	183	188
7.840893	0.572610	16.533701	50	49	58
15.315365	-4.173228	31.316181	126	124	132
6.411017	0.280792	13.815875	147	140	148
-8.473427	-8.216314	38.741531	172	169	184
-9.213000	-8.567452	40.558308	74	71	86
12.656936	-4.682765	36.163078	155	142	150
-9.199558	-10.502298	35.924149	207	185	182
5.788423	-4.028364	31.094856	21	21	29
-10.762590	-8.980823	43.075466	177	175	184
13.336825	-4.664447	36.621758	185	180	176
16.389532	-9.565672	30.492498	174	172	180
13.660902	-0.226414	24.462267	12	8	19
-13.999198	-6.575447	36.572456	60	50	52
-9.074545	-10.776730	36.484486	53	36	36
-8.961019	-8.420398	41.254753	23	20	35
-16.386118	-8.547340	33.093536	85	72	65
9.693931	-4.383543	26.060955	28	17	26
18.518988	-3.771319	31.860189	119	117	125
-11.334369	-7.928089	39.545555	184	160	144
18.834991	-3.808269	32.177322	117	115	123
-13.875577	-12.313475	47.391308	150	135	132
6.441314	-4.158710	33.927910	120	119	127
6.492428	-4.665383	41.694080	50	45	58
-10.255427	-8.173910	45.167522	151	151	162
-17.968826	-8.196033	40.631897	20	13	13
-10.619055	-8.244111	45.540756	170	170	180
-12.870436	-11.198278	42.464569	60	40	30
-17.140190	-6.584116	35.481552	23	13	19
-16.563997	-9.077362	33.313103	20	16	15
-12.151828	-8.642327	43.972839	56	41	25
2.187076	-2.456072	31.505058	214	212	222
3.688302	-2.942447	36.857418	157	155	175
2.947581	-3.123120	39.007660	41	41	53
-12.163583	-6.972206	37.591629	157	157	169
-17.344067	-7.068810	35.749588	26	13	22
4.409123	-3.879609	47.872353	34	32	54
1.981096	-2.529659	31.225260	36	34	44
-19.160587	-8.607952	43.755287	141	129	129
4.782373	-2.532648	30.780153	29	22	34
-12.637892	-12.093406	38.839508	34	20	23
10.329942	-6.486781	36.292805	164	162	172
5.266755	-4.436372	47.663738	190	169	186
15.137701	-2.180696	26.050888	115	115	123
14.836508	-2.152949	25.713661	107	110	117
-12.305627	-12.155145	41.474674	178	174	180
13.010154	-2.133155	28.552217	12	11	25
4.803209	-5.790226	33.480423	123	136	155
-12.746801	-9.375024	41.243008	97	78	70
14.846933	-2.170638	25.739811	111	114	121
-11.915875	-9.533737	42.082394	27	15	16
12.154374	-8.131077	37.482479	137	124	134
5.264660	-2.881934	34.230625	35	28	38
4.314690	-3.711827	39.332485	163	144	162
20.691875	-3.531191	44.474068	172	171	186
3.899846	-3.212631	39.043247	145	142	162
-11.131275	-9.381231	42.576275	192	189	195
14.988429	-8.759715	27.906088	62	60	68
2.001874	-2.546520	31.584862	36	34	44
3.365468	-3.526259	43.361671	105	105	117
-14.933404	-6.308486	37.914822	123	127	124
2.454736	-2.770401	35.323524	210	208	218
-16.286591	-5.363266	34.128254	74	70	77
-16.508810	-8.597173	33.334805	85	72	65
-9.912408	-8.330044	39.831783	154	153	161
-11.175563	-9.932239	38.127834	165	148	149
9.413623	-2.450933	35.649101	122	118	131
-13.716431	-11.955152	45.273720	40	23	14
11.751028	-3.440033	24.477077	3	1	15
5.802063	-4.189033	37.733784	46	42	56
-11.959802	-8.294850	41.524185	155	132	123
-16.205168	-8.883545	32.609715	79	75	78
6.496164	-6.538682	36.052971	178	176	196
-17.459850	-7.862786	39.879524	142	128	129
6.992583	-3.850618	24.405794	143	139	150
5.984422	-3.857608	31.760134	147	147	155
16.076847	1.698731	29.028423	32	26	32
19.281208	-6.800052	38.504349	116	114	127
18.290352	-6.099669	37.646065	139	137	149
17.500788	-3.574645	30.116388	124	122	130
-10.310721	-8.120473	44.518913	147	148	158
10.735442	-3.874641	30.141203	30	13	21
-8.894286	-10.559009	35.755653	130	110	110
-12.616735	-9.047083	39.696033	209	193	167
10.936043	-4.998769	29.450397	16	7	14
8.976361	-3.318789	25.732059	177	169	177
-8.815011	-8.213458	38.861366	72	69	84
8.469570	0.630743	17.204311	83	81	89
4.717802	0.317110	10.032104	33	31	41
12.315990	-8.582655	38.260082	129	117	122
-18.451988	-6.858663	38.270771	16	8	20
6.027113	0.281200	13.016088	145	139	146
-19.493155	-8.946600	44.102440	34	28	33
20.106529	-6.410896	39.587158	55	53	64
-10.037736	-9.574890	45.246635	169	166	181
-8.372267	-7.687689	38.148071	77	74	90
-17.025545	-7.125021	42.459614	50	42	38
-9.644301	-8.596130	31.306034	118	104	96
4.378673	-3.072095	37.410336	37	18	32
-11.848431	-11.336864	36.412327	40	24	24
16.905132	-0.278975	30.259930	21	18	28
-10.833047	-9.601049	36.904068	158	140	141
-8.324721	-7.619415	37.858040	77	74	90
-17.706417	-7.202556	36.493351	26	13	22
-11.818756	-8.245068	42.362511	40	26	21
10.020512	0.747175	20.355955	81	79	88
4.630327	0.306096	9.838156	9	8	17
3.294612	0.134960	7.087232	15	12	19
-16.496140	-9.109738	33.195889	29	26	27
-17.452368	-6.719847	36.191635	42	30	37
-13.960032	-9.978091	43.649734	202	181	155
-11.164079	-8.800466	48.147228	147	148	158
-16.181061	-7.193429	41.105633	208	195	190
20.201714	-6.766404	41.654240	139	137	149
-17.375858	-11.680399	43.473282	13	1	0
9.534577	-4.922609	31.262508	157	152	155
2.907319	-3.021959	37.425808	127	127	139
2.630438	-3.087752	38.201096	199	197	209
2.340142	-3.154060	38.981335	34	32	40
15.705837	-5.093261	32.904266	22	19	34
-17.139381	-7.143509	42.560413	43	37	35
3.610422	-2.976649	35.674053	139	137	157
-14.170345	-6.070974	36.242661	191	193	188
4.464287	-2.436387	28.907972	24	17	27
11.598058	-3.455802	24.255808	7	4	18
-15.119990	-4.961832	31.745497	65	62	68
3.868079	-3.329084	36.127480	157	148	167
21.146046	-5.902158	43.369884	128	126	136
6.556664	-4.250205	35.220867	153	151	159
-11.746796	-9.519383	41.711090	31	17	19
-10.173025	-12.059268	40.876308	53	36	36
-16.773325	-8.641446	33.913799	79	66	63
4.787754	-3.426973	31.002716	46	42	56
-12.393980	-8.636917	43.061508	184	160	144
12.573421	1.317476	22.664619	14	8	14
21.193672	-5.123057	44.292778	123	119	139
21.068285	-7.460450	42.145733	61	59	70
-14.000504	-8.219872	44.141510	20	19	33
-11.670169	-10.409657	37.859108	114	104	99
9.078176	-3.268420	25.619320	89	75	83
12.218126	-5.927237	45.410473	180	181	202
6.966207	-8.363910	48.052124	191	192	211
19.484035	-6.735937	41.582809	114	114	125
13.571319	-1.984349	25.539616	39	32	42
9.088448	-6.627543	49.386532	22	22	31
-11.310007	-9.953861	37.405163	80	63	52
12.080232	-4.178736	33.424377	155	146	146
8.293532	-1.113807	17.463547	4	2	17
8.471479	-2.682023	26.369131	83	80	95
9.632196	-5.520499	33.166988	143	139	150
-16.156784	-8.992444	41.658943	179	157	138
-9.637169	-8.097074	36.624210	139	136	142
4.587115	0.205437	9.771241	13	10	16
2.188280	-2.991196	37.241047	38	36	44
2.521266	-2.916536	36.356781	199	197	209
-8.278491	-7.704484	36.186687	47	44	59
-11.509742	-8.176268	38.126476	170	145	143
-8.766645	-8.446236	39.809452	140	137	152
2.008187	-3.532309	38.857811	197	195	205
4.284043	-2.443268	27.756098	23	20	26
-14.074558	-6.049623	36.056400	190	186	183
9.666977	-1.415398	18.197485	10	3	13
7.732440	-5.626671	42.071896	75	75	83
9.631443	-4.980616	31.399036	155	149	153
-15.369682	-7.917368	31.197765	79	66	63
-9.514120	-7.487274	36.162720	29	23	27
8.413430	0.622691	17.290121	70	68	77
4.553245	-4.650290	26.057875	179	178	196
12.353886	-4.026937	34.613979	143	141	158
5.701695	-4.795724	32.520744	190	182	190
4.122607	0.255272	8.792641	11	9	18
8.379399	-1.167552	17.729183	4	2	17
-12.568829	-8.994547	39.334019	204	188	162
-16.869089	-7.043157	35.239986	112	103	110
-17.086758	-7.596503	43.384232	227	215	212
14.991831	-5.017099	30.876505	101	99	111
18.744865	-3.245381	40.286549	160	159	174
-19.719049	-7.471585	40.900452	12	6	9
-15.983624	-8.843964	32.172867	91	88	93
-11.787588	-8.684141	38.592903	21	8	1
-7.166806	-6.388581	23.772402	171	154	140
5.362545	-3.539005	28.839087	151	151	159
5.505491	-6.582955	37.410069	184	189	210
-9.639761	-7.611425	41.695061	147	148	158
4.554615	-3.218010	29.515509	25	23	35
-13.199430	-10.626006	46.449383	27	15	16
-12.008827	-10.577589	39.723927	80	63	52
-12.591738	-8.686461	44.876671	40	26	21
-12.019680	-7.096673	38.045956	14	9	24
13.847905	-5.961524	48.639843	157	156	171
7.494055	-2.592290	20.734486	83	71	74
-6.684216	-4.713252	23.996817	59	39	40
13.456308	-4.967589	38.062584	63	46	51
5.700031	-2.664578	15.033517	120	111	112
3.572118	-2.342836	19.316706	156	157	162
-18.705275	-8.286950	47.777668	206	204	200
4.530667	-3.069576	29.093338	19	17	29
-16.353615	-6.271459	34.387268	12	8	4
-11.135593	-8.844687	48.397266	133	136	145
-20.713806	-8.586795	43.106525	107	97	102
3.699044	-3.237259	35.392788	153	147	168
5.623621	-4.089631	30.364962	69	68	76
2.425446	-2.771769	34.139839	177	177	189
10.965133	-1.780908	23.565031	172	171	186
-13.294622	-9.432140	43.920418	179	155	152
8.949445	0.576621	18.890192	8	6	14
-12.270261	-10.084529	43.573349	11	2	5
-10.865940	-10.405578	49.031258	172	169	184
5.143904	-3.882996	44.643417	39	19	31
18.521301	-4.639023	42.187218	96	94	111
2.182599	-2.983432	37.628132	35	33	41
5.532011	-6.667800	37.590473	175	180	201
15.097925	-4.320044	29.436966	8	6	16
4.313829	-2.456922	27.696089	23	20	26
5.735453	-4.785292	32.453133	189	181	190
6.584702	-6.759327	37.270866	176	174	194
-10.400110	-8.684921	39.381065	147	144	150
7.762589	-2.549570	21.601759	130	128	140
-14.980553	-8.317936	38.666721	179	157	138
-17.157261	-5.573787	35.999401	24	21	27
8.363453	-1.178184	17.707603	5	4	19
-12.741994	-9.363826	41.585407	21	8	1
-10.904399	-7.821780	34.156445	207	184	158
-11.082040	-8.236933	45.859039	49	49	61
-12.620304	-11.209033	41.825745	66	53	47
11.494184	-3.815284	23.677080	101	99	111
6.181751	0.880681	16.911413	170	175	201
3.348258	0.158796	7.510661	147	139	145
3.102877	-2.935876	39.177418	25	25	37
2.333565	-3.921890	43.415581	209	207	217
3.827908	-2.893562	33.222408	44	24	36
3.935542	-3.557515	39.568501	188	186	206
-14.088632	-7.857247	36.193104	138	116	98
6.643390	-7.094897	38.827053	168	166	186
-12.548630	-9.134600	42.143356	188	170	171
-11.196670	-8.901904	48.484375	133	136	145
-12.143556	-8.814199	49.328125	74	76	89
-17.760639	-7.857072	45.651077	206	204	200
-12.428201	-6.991706	31.960714	147	124	109
-19.386278	-8.086017	46.784626	148	127	123
3.062503	-2.012359	19.888916	151	149	159
-8.666689	-7.746202	37.436317	196	194	212
10.036933	-2.132659	24.399530	111	112	135
10.357432	-5.340613	33.141441	155	146	151
-12.884356	-5.789828	33.547527	206	204	200
3.680779	-4.300684	23.935274	160	160	179
8.330006	-3.802685	43.851208	89	81	88
-14.760814	-6.717502	38.471516	159	153	156
12.863038	-6.392226	44.523804	38	34	47
3.401198	-2.535531	28.758379	37	18	30
2.190936	-2.898273	32.678768	117	117	129
5.309985	-1.117360	12.697290	119	118	134
4.214175	-2.784649	27.226639	94	92	102
2.976068	-2.955394	30.899096	59	62	76
4.792767	-2.121017	22.480574	12	5	11
3.831177	-3.575003	30.522326	130	121	136
