5.571360	2.065318	26.962040	28	28	35
14.433434	-1.898864	30.682196	85	88	97
11.618839	-1.221368	29.435553	55	55	72
-0.993554	0.318148	34.579777	194	199	193
-3.064264	-1.929897	22.319298	22	20	34
-4.921172	-3.323807	37.598030	187	183	203
11.758982	-1.468388	29.636105	30	34	45
-2.168456	-1.873689	21.181082	43	29	53
4.065164	-2.673718	42.453785	162	161	166
14.228452	-2.256804	34.269028	53	47	58
10.976802	-5.556837	43.337425	149	145	156
-18.474901	-7.661482	46.372375	209	198	216
-4.482955	-3.907079	41.275822	184	170	196
-0.683504	0.338603	36.938248	211	213	227
-21.471012	-3.241824	38.575108	34	16	11
7.099480	2.239661	28.737108	221	218	224
13.842278	-1.773696	28.677038	81	84	91
-0.357482	0.176880	19.319021	203	201	213
7.957036	-3.846709	34.464272	195	193	203
12.922826	-2.609724	31.119452	65	64	72
-0.875757	0.470207	35.563835	44	53	34
8.482392	4.616940	20.101728	158	163	168
7.631641	2.255606	29.861509	8	5	13
14.567232	-1.756042	29.310068	74	77	84
4.446082	-4.162457	38.118011	150	145	161
10.322745	5.603426	24.502241	195	199	210
11.378263	-1.626162	29.279150	46	45	46
15.523244	-4.594652	41.259899	156	152	163
9.549823	-4.176367	48.166679	70	49	51
7.368654	-3.387974	33.396198	185	183	196
6.872868	-3.247608	30.534800	69	68	78
7.046691	2.420541	28.961672	8	7	11
-16.285835	-8.990735	47.480915	18	7	11
-4.232155	-13.242408	43.087814	155	168	164
12.307288	-1.014194	28.520117	56	56	64
15.204491	-4.383598	40.857273	130	126	135
3.604966	0.609703	29.381359	92	63	24
7.267743	-2.922579	33.846989	69	56	63
1.669246	0.590482	7.792984	62	62	74
-0.374179	0.081100	25.930836	220	216	225
10.426690	-2.236852	34.693314	162	145	141
4.725193	2.478516	25.642244	18	16	26
-27.100533	-4.821549	47.984531	96	70	56
12.307919	-5.467417	40.699539	147	145	157
5.891282	-12.263918	49.532749	190	184	207
6.591617	1.626106	40.797371	180	162	156
0.712916	0.424605	24.944452	43	46	13
-21.428343	-4.246764	38.490463	62	28	4
-12.608406	-1.684369	32.232464	60	49	56
3.396294	-0.893542	41.584702	51	31	6
17.286346	-1.806792	36.917168	197	197	205
4.605996	-3.295501	46.967403	20	21	25
10.082047	-2.206832	34.245392	36	15	10
5.363919	-1.109416	46.890881	214	204	204
14.017979	-2.540579	32.737556	19	17	25
14.257817	-1.454974	30.442520	97	97	105
3.484680	-0.801575	34.118584	193	186	189
-0.994990	-5.502951	43.895454	210	206	228
-23.152203	-7.930817	44.817978	47	35	36
13.784904	-1.319037	31.644335	187	185	193
3.501619	1.762294	23.937111	217	213	222
2.202569	-11.116776	40.406216	186	187	214
20.032278	-9.265022	42.612633	130	125	134
-14.861669	-4.239784	28.807993	223	198	129
2.549850	-0.719082	31.833469	65	51	53
-4.798209	-3.200994	36.147930	205	202	219
12.364140	-1.769774	31.816841	58	58	61
8.691407	4.719672	20.588943	196	199	204
-18.944294	-6.591703	37.210178	65	54	50
10.312620	5.568916	24.457142	197	202	212
-13.503434	-0.598785	24.957041	191	186	187
13.889611	-1.121636	32.183064	41	41	49
7.322313	-3.340178	33.250656	198	196	209
11.632042	-0.904032	29.321091	38	35	41
12.265050	-1.182282	28.284439	187	185	193
21.572989	-9.955636	45.875839	28	25	34
-14.888681	-8.987486	41.466751	174	157	154
3.743380	0.639430	30.510958	164	142	114
12.277501	4.396071	25.043930	119	117	113
-3.695391	-3.158899	35.643787	51	37	63
14.394489	-1.480765	28.653418	189	189	197
16.933311	-3.989971	37.566795	8	6	14
3.558481	-2.510023	36.524273	20	21	25
-0.474356	0.173808	16.501385	62	70	58
14.509480	-1.284824	28.741634	73	73	81
-2.817054	-1.761117	20.415695	22	20	34
14.809125	-1.712632	29.052158	75	78	85
-20.485947	-3.129015	36.820560	53	33	30
8.296758	2.571481	33.519257	197	194	200
-25.761742	-4.612710	45.745296	168	141	125
6.014877	-6.083813	42.537796	132	129	143
10.427017	-2.312822	28.025549	12	15	19
7.232060	-3.423859	32.167652	58	56	66
7.401095	-3.258054	37.354408	32	22	28
8.068806	-3.277073	37.546707	61	50	62
13.463223	-1.707485	27.887924	81	84	91
6.543691	2.543252	29.742790	51	51	63
7.622072	2.616007	31.483484	36	34	39
14.463839	-2.942511	34.943638	38	37	48
6.312812	2.368122	29.350380	213	213	224
10.775297	-5.460061	42.391899	84	80	91
4.467534	-2.894064	46.047600	162	161	166
7.504746	-3.636310	32.666317	124	122	132
13.593246	-3.029418	36.542080	55	58	62
8.390844	2.477885	32.673126	8	5	13
6.199900	2.141895	29.160822	181	179	190
14.673578	-2.752425	38.168880	78	60	56
0.954431	0.645431	33.524788	190	217	174
4.223186	2.127059	28.871824	205	199	205
15.783388	-2.099917	33.557365	93	96	105
-23.875553	-4.750067	43.925472	223	198	179
14.759086	-2.342508	35.436169	53	47	58
11.676803	-2.136645	27.276730	56	48	54
14.771167	-2.029472	38.632095	30	35	44
12.927862	-1.166352	25.611992	58	58	66
-0.538755	0.218503	32.370258	161	159	171
10.183104	5.506052	24.105368	197	202	212
6.395577	-6.529764	45.849346	160	157	172
-15.557421	-7.713097	49.073368	104	99	117
6.750732	-3.121653	30.824188	102	99	115
11.952169	4.292018	24.527031	140	138	134
7.065560	-3.365334	31.415125	58	56	66
12.974093	-2.672470	31.617027	40	38	47
17.197298	-3.319847	44.443760	101	88	86
11.995075	-0.938692	30.127743	38	35	41
22.041262	-10.148406	46.856651	39	33	43
8.555325	-4.107442	36.836597	195	193	203
12.630378	-1.145827	28.902145	200	198	206
10.729404	-5.468074	42.693588	106	102	113
17.411041	-4.104192	38.627293	9	7	15
8.044658	-3.287517	37.769104	53	43	53
14.756065	-1.570614	28.896776	59	61	68
6.723404	1.984660	26.421331	26	23	29
6.601089	2.092521	26.808975	200	197	203
16.048937	-1.937255	32.170998	132	135	142
5.487876	2.140810	26.886753	14	15	20
-20.629608	-7.114474	40.282181	37	25	26
8.129767	3.087362	36.618206	175	175	187
14.304118	-1.548085	28.504833	132	133	141
7.499170	2.491993	30.199463	204	203	209
7.070629	2.436372	29.524956	26	23	29
11.522671	-4.256017	37.499741	22	11	20
2.641995	-0.741692	32.833855	65	51	53
-22.750523	-4.458117	41.816711	224	198	180
3.417968	0.540879	28.051977	161	137	105
4.150721	1.174723	29.737471	46	21	11
-21.547165	-3.391498	40.713730	203	187	181
-2.986552	-2.418262	26.103519	165	159	182
16.963118	-2.352250	44.500465	25	28	44
5.596026	-11.309304	44.937805	30	26	50
-18.345806	-0.346670	33.548725	26	21	23
-13.421651	-7.090680	38.480801	156	126	134
13.302848	-1.658459	27.644489	97	100	107
-18.369928	-2.837298	33.048744	90	69	65
11.165258	-1.174546	29.761669	102	107	120
3.402539	-2.264589	35.746941	64	65	70
-1.541623	-1.311108	14.626751	46	26	49
15.055798	-3.247395	34.214848	131	127	138
0.228554	-4.814949	35.862095	38	31	45
6.370576	-11.390914	45.775513	167	166	201
12.138108	-2.229688	28.357239	120	108	109
7.413869	-3.491704	32.919559	69	68	78
-6.188799	-3.090883	19.429546	205	199	217
-17.089272	-6.724387	42.606426	27	23	38
7.412180	2.546708	30.945856	26	23	29
6.324373	2.358961	28.576536	76	76	88
8.034038	2.366198	31.302246	8	5	13
4.163097	-2.548971	42.668564	151	150	154
2.276808	-10.878109	44.087898	191	192	232
13.704681	-1.328086	35.041733	152	148	162
13.950013	5.043215	28.642792	190	188	184
7.818835	2.457112	31.741449	197	194	200
11.676251	-0.904869	29.325420	38	35	41
-1.280061	0.088202	49.219360	101	101	109
13.168256	-1.792177	34.605614	10	10	23
-0.043305	-3.600380	28.403397	43	36	50
6.358884	-2.642344	30.166122	53	43	53
13.369295	-2.755325	32.580669	41	39	48
6.778926	-3.160077	31.109072	102	99	115
3.373036	-5.036282	34.333511	132	127	143
7.532948	-3.640260	32.460754	194	192	202
-16.787081	-3.138018	34.562565	203	170	159
17.495186	-7.501551	35.699936	176	173	176
13.606820	-2.957223	30.930304	171	169	181
4.357466	1.228957	31.100172	59	37	29
11.630540	-5.823341	45.946648	122	116	128
3.617962	0.552735	29.555437	161	137	105
1.570080	-12.465040	45.942776	160	157	190
9.541055	-3.551505	31.071905	30	14	24
-21.637306	-4.015008	39.641701	135	114	103
-20.202795	-3.206420	38.257206	203	187	179
-21.831692	-7.220964	43.422764	144	137	134
3.333763	1.756865	23.759220	207	201	206
0.819475	0.367066	30.392605	47	47	31
6.251725	-12.497773	49.834694	30	26	50
12.910367	-1.631646	26.833738	140	141	149
1.250332	0.471393	44.077209	53	50	37
10.175505	-1.781350	25.755823	42	43	45
6.690445	-2.782873	31.741995	53	43	53
3.010495	0.467272	24.595261	92	63	24
-0.878837	0.151913	32.832851	78	78	86
-15.486406	-5.262990	30.353415	37	25	26
7.151531	2.670859	31.385370	49	48	60
12.716403	4.573552	26.149557	183	181	177
-1.460187	-2.388434	25.676033	66	58	77
19.209333	-4.562539	43.928059	0	6	2
7.302117	-3.350514	33.285130	102	99	115
-0.499515	0.162921	35.573696	203	199	208
17.438957	-4.188628	38.937744	7	6	14
5.934458	2.373004	29.320911	12	13	18
13.320670	-1.170226	30.290436	206	204	212
8.693929	-3.878268	35.512135	203	196	208
6.518602	2.326180	30.304558	222	222	234
3.367358	0.955891	24.288033	69	48	41
11.571240	-5.013903	39.702541	25	22	31
9.336016	-4.644507	36.849781	135	130	141
-12.335705	-4.721877	30.888048	36	32	47
18.256323	-8.220751	38.347069	140	131	142
5.024561	2.566658	35.160618	211	206	209
4.828506	-5.327668	40.983761	15	12	25
-0.068677	-4.547693	35.737469	23	19	32
6.522357	2.100371	26.510345	214	212	218
10.395094	-1.389499	27.327049	21	24	34
6.141169	-6.307441	44.178761	160	157	172
2.524800	1.340237	22.295897	197	195	196
5.844495	-4.115721	40.862328	5	7	19
7.714985	-3.372023	37.327187	41	38	48
4.485934	1.764910	22.846409	25	25	33
16.518824	-3.579582	39.301571	182	172	176
-15.636180	2.721798	43.636570	47	44	50
5.193286	3.342543	47.172417	76	57	36
7.333247	2.460680	33.851772	197	195	207
4.960902	-6.842338	47.506870	152	148	163
13.750226	-3.302085	31.196598	4	4	12
17.631754	-1.637308	40.014820	187	185	193
10.164236	-1.368217	27.140507	12	11	26
11.208746	-2.001750	28.384359	47	46	50
-11.561276	-6.224280	36.281029	172	166	187
13.335163	-5.836553	46.285053	20	16	26
6.288206	3.284932	44.871979	195	187	193
-16.300844	-4.743924	40.827938	87	75	73
4.717187	-2.030331	31.305794	52	38	36
2.335507	-4.760763	47.514244	173	170	185
13.076541	-2.740506	31.406591	169	164	171
0.018354	-2.472629	23.263254	87	83	107
2.150264	-2.350296	34.463257	22	19	34
3.613474	2.414380	34.432575	99	80	55
-14.852547	2.723214	41.348907	36	33	37
7.077848	-3.103403	24.571497	24	19	25
-17.034252	-6.283735	42.318893	38	36	50
4.734622	-5.291450	36.799568	130	127	142
-0.644416	-2.591144	21.959400	128	126	150
6.694998	-4.958959	47.218472	2	6	14
4.926281	1.968505	25.116634	8	6	14
2.927452	-4.154060	28.317970	103	100	115
4.482801	0.899580	30.392189	80	47	21
9.667956	-3.046385	42.334816	210	195	205
4.457904	-3.362761	30.311644	18	21	28
3.603837	2.500540	28.660124	11	12	17
-1.612703	-3.257624	31.572775	16	13	28
3.851273	1.901536	28.970457	196	193	192
2.720186	1.722824	26.249500	137	118	72
-0.133137	-1.496030	11.425152	19	18	37
