8.416877	-1.114246	15.415194	125	125	137
-1.302202	6.885177	39.380848	133	129	135
-17.732138	0.395188	49.520264	98	87	84
-1.841661	7.699506	47.220810	41	40	47
0.859935	6.867674	42.796249	117	113	122
-9.433956	6.303074	41.564922	92	94	108
-4.754807	5.798889	35.289963	119	117	127
-2.358897	1.041036	41.065674	51	50	67
14.973065	-0.333096	37.740597	69	67	77
0.637245	5.298964	34.522030	49	43	39
-3.976250	6.938797	46.141876	152	146	153
-5.519465	7.488091	49.835571	65	57	63
3.618370	4.996785	34.054695	74	67	77
14.548717	-0.564906	37.640087	84	83	88
-11.243923	6.252884	45.785927	54	37	29
6.295825	4.305451	31.333982	24	20	33
6.244943	4.359420	31.729345	53	48	58
0.010351	-11.743540	48.018757	188	176	177
6.435735	4.002788	30.468319	52	48	59
-3.128490	4.925004	39.110962	135	132	138
-3.131231	4.772797	39.155033	162	157	163
-3.205187	5.373199	44.706062	178	173	191
1.314344	6.960496	37.916023	48	47	64
-8.397637	5.114887	46.050125	63	67	78
1.902403	1.477910	8.656657	33	32	37
-7.964368	4.930737	45.198860	59	57	63
-15.713374	-2.279484	47.403900	35	28	40
-7.736979	7.577715	41.132534	152	151	166
-8.722599	4.947095	45.827076	157	159	170
7.775550	-7.951772	44.823292	116	116	126
14.323283	-2.330385	26.417145	35	35	47
-1.150711	6.576010	34.502846	154	147	161
10.565559	-1.545289	18.500978	44	44	56
-7.333736	7.748640	40.296783	159	159	170
-4.894784	7.732520	39.864136	26	30	43
10.207325	-1.501233	18.401218	24	23	39
14.499204	-1.926419	24.777529	27	27	40
9.208554	-2.107999	28.033003	98	97	106
-0.071854	-4.066293	17.688618	150	136	135
5.868288	3.914465	29.613028	49	45	55
-0.755100	4.590612	40.448364	138	135	152
13.148572	-1.867968	40.982822	103	102	107
-8.917451	6.950239	37.883152	88	86	96
-2.745508	6.219592	38.011929	42	38	49
-6.389592	5.103010	36.741837	70	70	82
5.810839	1.806522	32.633530	68	62	67
8.345349	7.482121	40.027855	61	59	65
24.583652	-2.897832	42.620716	121	121	133
-3.028697	5.048761	38.847805	111	107	116
-2.741570	7.252645	43.005001	184	180	202
-2.986923	4.537499	37.313866	85	78	85
-1.617984	8.014688	45.601597	151	149	155
-2.720358	1.200072	45.462673	50	49	64
-0.033980	-8.792000	36.112522	230	211	198
12.442603	-3.185869	39.317799	133	131	142
-8.555880	8.272166	45.047802	153	152	167
16.131245	-2.437729	28.244673	45	44	61
7.578317	-9.038851	40.807838	162	165	178
15.982157	-2.625180	29.511965	26	26	38
-1.618909	8.340167	45.568123	49	41	51
18.373573	-9.349411	47.501663	70	69	74
-1.742868	7.856705	45.973850	69	68	73
4.859100	3.009294	23.048983	34	28	45
-12.018361	6.631812	48.736435	115	96	75
4.490933	6.299913	42.910938	88	81	91
6.234983	2.048579	34.199783	155	150	155
12.090129	-0.798102	31.645399	13	11	22
0.985792	5.961064	42.254288	59	54	56
-5.430774	7.516143	47.567451	176	168	174
-9.916348	6.532058	43.736355	74	73	88
-2.241979	0.642964	44.840378	101	103	117
9.658585	-2.217326	29.393286	170	169	180
11.334924	-0.966408	31.923485	106	85	83
-4.809362	6.521265	43.417290	87	79	85
9.803389	-2.957014	31.104885	72	74	88
6.383432	-6.529016	36.791504	97	97	107
16.907761	-2.298792	30.941881	164	164	176
0.608690	5.041007	32.784710	83	75	67
-9.225037	5.228492	48.576061	109	109	118
-15.366096	-1.046871	48.761726	87	79	87
-1.620736	8.669447	45.557014	141	134	148
10.774324	-1.515760	33.591225	82	81	86
-15.328374	0.458231	44.228745	223	212	209
5.739118	5.144583	27.544796	30	27	33
-2.970074	4.947112	41.343552	172	169	184
-0.731205	4.439271	39.134399	153	154	173
-2.214447	3.777201	29.703030	99	95	104
-15.048269	-0.624969	48.127029	131	118	115
1.248877	6.872240	37.485542	43	42	59
3.117805	5.755840	35.796669	17	15	23
-4.831555	7.593359	38.957542	24	27	41
0.904813	7.235937	45.117252	61	57	66
8.386156	-10.132832	45.597237	66	67	85
7.888087	-1.076202	14.517264	148	148	160
5.567124	3.706490	27.977863	49	45	55
-1.458238	7.674994	41.865028	49	41	51
-3.598100	4.237090	26.983418	29	25	36
-7.056787	6.822152	37.154068	164	163	178
-2.541194	0.714761	48.958698	149	151	167
-12.117747	6.697872	49.128883	115	96	75
8.701728	-1.902486	26.525345	35	33	41
5.625822	3.910625	28.321634	53	48	58
-0.688302	-9.472117	40.213276	140	127	128
-3.230439	4.928069	40.552322	167	161	168
11.406410	-2.972101	36.123917	94	92	103
-8.746970	5.288112	48.963566	62	57	62
-7.885396	4.455384	41.393181	102	101	108
-0.757099	-11.263808	46.327103	100	87	78
12.283796	-3.398899	38.550529	166	165	180
12.177217	-2.014605	22.544672	26	26	38
7.094635	-7.342468	41.213177	97	97	107
3.018126	4.237654	29.002367	58	54	63
6.756232	4.227511	32.148243	51	44	60
-18.562120	4.071593	46.793716	186	182	193
-18.948986	3.714586	47.419590	172	168	179
-6.593877	5.182862	37.559166	100	101	113
-2.275268	0.795125	49.329559	109	111	127
5.689065	5.148947	27.429428	30	28	34
-14.349509	-0.947510	45.678059	87	79	87
-9.842424	6.511781	43.599346	74	73	88
12.085169	-0.404543	43.471260	63	60	66
0.668352	5.480626	36.153706	74	63	51
-1.966152	8.112972	49.260601	83	81	89
0.677690	0.644200	31.104317	150	153	162
-11.366206	5.620257	46.709438	202	188	182
-14.485061	0.451628	41.797688	210	199	198
6.370297	5.764301	30.736580	53	51	57
0.815272	0.770664	40.873287	95	98	107
8.760864	-1.965956	26.753868	47	45	54
5.182896	3.241014	24.671989	34	28	45
6.457381	4.328484	32.793694	77	73	81
-3.628094	5.559019	45.903900	158	156	164
12.778831	-6.545990	32.944828	109	108	113
8.337008	-10.138472	45.621841	66	67	85
-0.200513	-10.522013	43.204372	230	211	198
3.426853	4.802793	33.052082	131	125	134
-8.365363	7.811052	42.831120	177	176	191
-1.670045	3.899182	41.737427	149	152	163
0.738964	5.636116	38.094200	96	84	72
-19.402710	3.814650	48.839733	165	161	172
-2.209509	0.967887	36.064308	24	24	36
-19.356501	4.143115	48.720829	183	179	190
3.465268	-0.477371	6.381876	84	84	96
-12.117773	6.697887	49.128986	115	96	75
-16.308432	0.404314	45.072716	73	65	70
9.960238	-1.665460	18.462955	40	40	52
15.956635	-1.902570	49.678955	101	100	105
11.964491	-6.754599	39.992298	146	144	161
-4.139193	4.822212	30.710817	47	41	52
6.373632	-6.606506	36.944458	90	90	100
0.866980	5.316790	37.710560	84	77	80
-12.634098	-0.529900	39.992191	133	126	130
0.798689	0.754984	32.932575	152	155	164
-17.154823	3.826542	44.302151	187	183	194
-2.467369	1.252044	40.676743	26	26	38
-12.438833	5.786591	48.604107	82	52	67
16.292326	0.024712	41.442951	209	205	225
-4.304823	5.006421	31.498085	22	20	31
17.733917	-0.544833	45.104393	48	47	52
11.626439	-1.506366	41.734058	43	34	37
12.744129	-1.504591	39.683300	101	100	105
1.197379	6.308466	42.350021	18	19	22
0.857670	6.458815	43.371849	58	47	40
-3.595867	0.611166	43.920887	50	48	60
9.527688	-0.225828	34.176235	51	50	55
-6.097578	6.691080	34.829056	182	182	193
-4.154526	2.591647	24.842657	62	57	62
-7.886617	6.317406	45.255497	57	57	69
-7.272760	6.808036	37.056335	193	192	207
3.499061	5.196553	34.807758	55	51	60
15.993279	-1.071311	42.993191	7	5	15
-4.572553	5.520423	41.140636	167	159	165
5.782262	-5.798779	32.697865	117	117	127
-4.511131	7.717874	40.362152	160	164	177
0.725341	5.458215	36.638847	58	47	40
-10.862491	5.012518	42.338531	98	78	89
-1.263367	3.266636	33.463169	181	183	199
5.253391	0.000125	13.370406	202	198	222
-19.300741	4.333637	49.614391	187	183	194
12.705092	-1.613577	39.876610	58	57	62
-1.976448	0.648957	37.331047	180	182	198
0.741593	0.651593	31.928083	140	143	152
-5.788557	6.393832	40.087078	22	21	32
-1.728980	0.877709	27.376686	22	22	34
3.133852	4.923431	33.022221	57	51	59
-7.795106	6.209507	44.561337	57	57	69
-1.323361	5.470162	48.247128	181	185	200
-3.265261	0.405111	41.553455	23	23	35
-1.218979	3.324599	34.389622	184	186	202
-2.269062	0.648119	41.928162	170	172	188
-7.125199	4.145638	36.600254	182	183	193
0.664426	0.758836	34.597115	135	138	147
4.489758	7.293842	48.657097	42	36	43
7.427038	4.851090	36.653152	65	60	74
-3.198174	6.170115	40.526882	161	155	162
10.173454	-5.799963	34.734337	166	165	183
-1.910252	4.615087	45.562332	178	180	196
9.945552	-0.785465	34.680256	206	200	207
10.952572	-0.758750	33.864159	218	215	223
15.275116	-0.538998	37.131016	182	180	190
12.978306	-0.246429	33.333969	182	181	188
11.303203	-1.583798	35.749794	29	28	33
10.326543	-1.601357	35.997746	11	11	19
0.018172	2.157816	27.047865	138	137	152
3.368609	-0.268856	45.358814	18	21	30
-0.840243	0.863765	29.539524	3	3	15
0.778206	0.575475	25.729239	168	171	180
15.366540	-2.815568	42.664978	52	46	53
-2.100143	1.168488	32.243229	21	21	33
