13.368685	-1.489675	22.859678	144	137	146
7.970808	-0.649981	17.239229	230	196	156
6.683241	-0.771523	17.861696	20	16	27
11.580682	-2.693829	25.861441	186	185	202
6.741661	-0.669406	18.016041	200	196	207
-17.117420	5.885624	48.929153	60	58	64
5.498230	-0.695953	19.616060	47	44	50
14.407162	-3.506301	26.578339	92	91	110
5.851211	-0.552977	15.455890	188	184	195
1.395316	-0.851279	24.078917	177	170	180
6.418650	-1.461858	20.245937	186	191	201
7.066192	-0.736932	17.527533	46	43	58
5.153487	-1.183101	16.243155	173	178	186
8.105222	-0.672637	17.878952	46	39	40
6.459597	3.774867	39.266048	135	133	141
-12.158242	4.548679	34.521889	35	30	30
-2.238817	2.531874	28.893755	172	171	174
2.359190	-2.042434	27.601112	22	19	25
6.100409	-0.605703	21.569490	162	158	167
6.989882	-1.558959	22.940329	225	210	210
7.179333	1.642955	19.459875	150	150	158
9.925818	-2.188032	19.661591	177	174	191
15.716350	-4.629174	28.886566	190	187	204
-10.844235	4.246603	31.550611	180	178	185
6.709434	-0.433346	17.171934	114	114	124
6.399193	0.710179	21.370831	154	148	143
7.893324	0.737803	26.253386	36	26	21
-2.474955	-4.049461	29.515171	169	167	175
-1.865250	0.323732	32.691425	195	192	198
1.540692	-2.600812	14.492219	207	203	214
12.717950	-2.026568	24.954950	220	205	203
3.780095	-1.873375	21.286453	74	64	66
2.023200	-1.646148	26.522671	23	14	25
7.516405	-1.590478	26.638973	98	92	94
-6.886654	7.575845	31.174055	129	123	124
3.398443	-1.870996	18.856043	132	124	133
-4.961104	-7.003291	32.295166	115	116	126
8.206559	-0.631121	16.317036	176	141	113
10.207963	-1.343242	19.196039	67	54	51
0.305104	-1.117157	6.155608	195	191	202
6.717218	5.562258	26.472038	125	122	126
-4.897976	9.658306	36.691795	142	133	137
11.622188	-1.474354	22.462891	57	42	37
-7.684680	6.739855	28.127645	40	30	29
6.628764	-1.245462	20.051176	130	126	136
9.307734	-5.918293	28.620737	112	78	92
-2.003873	3.025476	35.317677	193	189	198
6.233123	-1.409684	18.468653	36	32	43
-4.223411	-5.199133	25.769329	179	183	191
7.490442	0.659110	26.420904	119	108	103
-9.250093	8.061520	33.742588	74	64	63
-0.008101	-2.398214	36.331120	164	155	166
-4.007438	9.932659	36.551182	50	44	51
6.822710	-0.912896	17.847763	37	33	44
10.585762	-3.381897	20.035425	66	66	87
-4.466110	9.025986	36.508316	47	38	46
-9.901364	-1.322917	41.091961	31	23	40
-6.945713	-1.104487	45.409698	164	161	169
1.687258	-2.003895	29.463221	144	140	149
8.172800	0.180444	27.134903	203	185	180
-7.109543	0.558591	46.386734	168	162	169
1.264998	-0.234103	3.831197	100	100	110
-7.840744	8.767041	37.420944	31	26	28
-7.738828	-7.665295	37.337044	175	170	168
-2.874798	3.284126	37.359303	163	162	165
-2.117240	0.316584	26.686943	179	176	182
12.407274	-1.996913	24.337166	214	200	198
5.877781	-1.343868	17.522776	26	22	33
4.719267	-2.350723	26.477697	127	117	114
1.872249	-1.634365	22.061150	22	19	25
7.301380	-1.636613	22.955338	180	184	194
-2.293326	0.460273	38.530277	202	199	205
7.957772	0.282089	28.090658	42	35	35
5.368206	3.107194	32.497849	135	133	141
9.592783	-1.258456	18.040825	67	54	51
-4.330594	8.749003	35.302910	47	38	46
10.872413	-1.250021	18.577532	38	31	36
6.176394	-1.393485	20.481516	221	200	197
3.484675	-1.906569	19.261507	132	124	133
8.462623	0.739624	29.835913	72	63	60
5.977129	-1.249367	17.587912	114	110	121
14.193787	-9.064256	43.578220	111	73	81
6.584883	0.575685	22.031832	107	94	87
-9.139064	8.005609	33.245228	66	56	55
-7.541976	-8.635633	43.626221	169	173	185
13.591379	-3.189692	30.326395	163	162	179
6.701951	0.749885	22.419838	169	159	156
10.641089	-2.347586	21.077900	169	168	185
6.861731	-0.433553	17.516167	114	114	124
8.396935	-2.831356	23.491131	68	70	96
7.122262	1.645969	19.370779	140	140	148
6.723477	-1.258807	20.343466	113	109	118
1.833966	-1.508480	24.378719	24	15	26
6.283971	-1.329140	22.326672	98	92	94
2.318372	-6.333008	35.441307	186	186	196
6.752278	5.629013	26.755415	137	134	138
-13.575048	5.053320	38.501480	58	53	52
14.253281	-3.557704	26.317833	58	56	76
6.831926	-0.677116	24.256268	199	195	204
5.617876	-1.126575	20.024584	89	86	89
1.985307	-3.385992	18.969446	226	222	233
-6.183635	-8.812752	40.354221	106	107	117
10.418310	-3.328429	19.718493	66	66	87
-12.610166	4.944521	36.699837	192	190	206
-20.325594	-2.269878	44.450516	64	30	9
6.979830	-0.806402	18.653633	74	70	81
6.960200	-0.720139	17.338930	19	16	29
1.797580	-1.076875	30.867418	41	34	44
7.268024	0.174458	24.163593	206	188	183
11.863659	-2.201422	23.963640	173	172	180
6.881504	-0.675002	18.399626	185	181	192
16.054529	-4.705154	29.509657	174	171	188
8.577706	-0.704315	18.926989	49	43	50
8.827359	-0.707705	19.066034	219	186	155
5.649173	-0.722809	20.213705	121	118	124
6.396894	-0.365908	16.120306	128	128	138
8.988540	-0.706823	17.896566	211	175	138
-7.709440	8.468618	34.856602	133	121	123
7.418719	-0.611398	18.335388	110	110	120
-1.989388	2.953905	34.599079	170	163	173
6.590581	-0.868518	17.354565	38	34	45
10.347724	-0.798857	18.762127	109	104	110
2.832028	-3.232468	48.349331	77	73	82
-0.085149	-4.701603	25.750467	206	204	212
-18.534403	-8.744157	43.206322	109	53	63
4.500613	-2.257616	25.336229	127	117	114
8.718808	-4.707166	42.176739	120	102	114
6.806300	0.588293	22.811529	152	140	130
6.071222	-1.285917	21.567339	98	92	94
15.593913	-4.585584	28.714344	174	171	188
2.198631	-1.949230	25.938951	22	19	25
10.850379	-2.424342	21.626175	209	208	225
7.316623	-0.721464	19.536194	141	137	148
15.831081	-3.995912	29.310083	50	48	68
1.535492	-0.931469	25.642056	89	80	91
11.397584	-2.506707	21.820555	174	174	185
13.136311	-3.109046	29.278446	107	106	123
9.730416	-1.282400	18.899370	86	67	58
5.200377	-0.534057	18.662271	199	195	204
7.292049	0.225672	25.754158	33	28	30
10.777840	-2.007655	21.865665	172	170	178
6.812212	0.728687	23.054861	169	156	153
13.044250	-2.113128	25.550711	214	200	198
6.278841	3.660978	37.947899	135	133	141
-2.211873	2.558817	29.281290	163	162	165
8.664927	-0.683047	18.723909	219	186	155
-6.480758	-8.386047	41.773708	175	166	179
8.112084	-0.657476	17.906294	49	43	50
6.569809	-0.406841	16.780579	113	113	123
5.883076	4.852049	23.343517	145	142	146
10.781367	-1.383263	20.182224	67	54	51
-15.738823	5.874328	44.187489	40	35	34
6.111582	-0.798128	21.739553	119	116	122
11.275780	-3.597169	21.341579	125	126	147
7.283310	-1.663157	21.635704	97	93	103
6.852257	-1.516188	22.692942	225	209	206
-16.913548	-1.891335	36.987198	38	12	4
6.654230	-0.850372	17.594526	30	26	37
-6.858507	7.523786	31.244463	99	86	88
6.916553	-0.713377	17.365360	30	28	38
1.943819	-1.117660	18.612404	97	86	79
-9.253420	4.027701	39.099941	168	176	200
6.141531	-1.166587	18.554798	97	93	104
-0.062129	-3.151930	12.120581	207	213	216
5.645184	-1.280260	17.849184	186	191	201
7.477570	-0.619899	18.477142	110	110	120
3.559066	-3.300698	28.618475	39	33	41
-5.433977	-8.385495	39.503841	63	47	58
6.753495	-1.737379	20.978418	73	67	75
5.893340	-4.397347	26.550329	205	207	224
11.213662	-1.480996	21.712025	86	67	58
6.451377	-0.720301	23.209675	182	180	190
10.532072	-2.440129	24.178318	38	38	53
6.927776	-0.656396	18.482986	163	159	170
6.655556	-0.875838	23.659645	119	116	122
-9.704827	3.789354	36.775574	177	177	187
-6.451944	-7.540405	37.716499	117	120	129
-18.638210	-8.734334	43.443962	54	12	16
0.503980	-1.355318	7.653408	201	204	213
-10.015878	-10.049669	48.523788	170	165	160
2.358333	-2.008509	33.819378	35	26	37
6.257769	-1.182742	18.913691	130	126	136
3.779785	-1.921131	21.136019	147	137	135
6.142718	-1.287735	21.834749	98	92	94
5.035424	-3.754790	22.745468	205	207	224
7.353316	0.197128	25.784204	113	101	106
13.920368	-8.876980	42.959709	116	81	86
6.223931	-1.422342	18.616932	42	38	49
7.390532	-1.658538	24.674288	223	202	196
7.006665	-0.892171	18.529852	73	69	80
14.162834	-4.150464	26.080181	181	178	195
11.581201	-3.696606	21.895023	184	187	209
11.112852	-2.475282	22.201664	207	206	223
8.388721	-2.975111	23.585367	184	191	216
-2.461338	2.780270	32.504215	132	129	133
7.162892	-0.746574	17.992990	90	87	99
12.873745	-3.071311	28.683275	107	106	123
13.531317	-2.197762	26.502386	200	187	183
-18.863331	-5.895600	48.270260	51	32	16
11.460809	-3.792585	31.909868	135	140	166
11.066128	-2.109921	22.424316	190	188	196
6.234814	5.118104	24.909042	143	140	144
-10.194338	-1.034740	38.840321	102	95	107
1.755876	-3.113691	17.348417	225	221	232
5.755345	-1.328710	18.171852	186	191	201
-2.009742	0.351931	32.940865	208	205	209
5.392416	-3.342434	24.351723	201	205	221
-5.880207	-9.107493	42.783424	79	64	78
9.056149	-2.967142	25.211477	26	26	51
11.395767	-2.526624	22.817837	148	147	164
9.792568	-2.268701	21.640486	198	197	213
1.194597	-0.679590	18.253284	179	172	182
-4.504180	-4.618470	22.605186	188	184	182
6.624885	-0.678794	23.794289	190	188	198
6.159691	0.172362	21.617765	158	147	144
8.045008	0.844939	27.618202	179	166	161
5.701185	0.142843	19.040720	197	179	174
5.596360	-1.165853	19.907421	89	87	88
10.555034	-2.035436	21.379847	194	192	200
11.299187	-1.847014	22.104630	221	208	208
1.833829	-1.500294	25.468544	35	19	32
6.338552	-3.629036	30.669622	88	64	68
6.419788	-0.566798	17.062084	171	167	178
5.990370	0.655318	20.249474	174	161	158
6.185979	-4.548330	27.677931	205	207	224
2.582368	-1.388888	23.598425	92	80	65
1.751499	-1.575426	20.742954	22	19	25
5.538328	-0.989664	15.791559	26	22	33
1.839911	-1.996580	29.801128	149	147	155
-2.472014	-4.423676	31.903461	185	183	191
7.560373	-1.703359	25.231104	223	202	196
7.971672	4.674354	47.448906	157	154	162
7.246329	-1.936298	19.929459	32	31	34
9.335520	-2.159878	21.432827	47	46	61
-8.034020	3.145499	30.466066	179	179	190
6.136063	5.050744	24.554632	143	140	144
6.905725	-0.645570	17.379763	12	11	21
11.967421	-1.546249	23.187155	51	32	24
10.080434	-6.442605	30.993921	166	146	156
2.541732	-3.069220	16.861561	211	209	219
-14.243245	-3.400053	42.811142	182	175	188
-12.934205	-0.906440	48.555042	67	63	74
6.547255	0.127217	22.833567	162	149	151
-5.311228	2.184066	22.944128	154	152	166
3.323637	-1.423237	23.759150	79	63	57
4.646447	-0.514505	17.018190	190	188	198
5.880184	-0.547162	15.699929	199	195	206
0.919417	-0.571012	14.274826	180	171	182
7.640780	-1.722928	26.039639	229	213	201
7.538189	-1.493599	26.601501	89	87	88
11.681795	-7.458375	36.081898	111	73	81
2.441034	-1.340161	22.236980	92	80	65
1.602671	-10.180273	47.788128	170	163	172
-9.825200	3.809498	36.900471	180	179	189
-8.149866	-9.527693	47.934025	146	150	159
9.464993	-2.620953	25.979788	39	40	40
-7.381281	-7.879603	44.726070	182	179	190
-14.580864	5.410950	42.271820	187	184	191
3.641380	-2.722121	16.801746	205	208	226
7.200176	4.191469	42.682156	172	168	176
7.231905	-4.255138	35.001877	95	76	82
8.954696	-3.142823	24.929670	141	143	170
7.284018	-1.300447	20.770407	17	13	24
14.620239	-5.005752	40.480404	168	174	200
1.566115	-0.889783	22.792061	190	183	193
5.617189	-0.998370	19.970688	96	93	99
8.715275	-2.412384	24.121937	80	78	67
5.447326	-0.649021	20.235600	188	184	193
3.090080	-3.878689	20.945103	207	203	214
6.795724	0.677059	23.623394	151	138	134
-8.592100	-7.766423	41.563354	35	34	42
10.864414	-2.677481	25.360857	20	22	34
6.992272	-1.670801	23.743948	209	183	161
3.035069	-1.667079	27.449360	112	99	78
-9.030846	-0.461211	34.582867	13	11	20
8.175272	-5.557995	33.339188	119	119	128
-7.616391	2.925359	28.527260	185	183	192
-9.669140	-2.626490	29.042498	29	25	30
2.963205	-1.321512	21.069572	78	63	54
-18.934471	-6.342958	48.543823	61	35	22
4.846282	-2.846383	18.388733	226	224	234
7.342377	-0.693638	19.591642	185	181	192
6.035384	2.829389	24.113403	114	108	118
5.880936	-4.091876	26.636082	208	216	232
11.167096	-2.778368	37.966812	141	106	90
14.318894	0.355249	48.661560	100	84	111
11.649095	-1.573443	42.780323	192	189	195
13.252013	-3.938564	36.081718	23	25	38
-18.525043	3.722281	48.947212	97	95	105
5.793236	-3.504585	28.088327	132	119	130
-8.604866	3.031691	31.815575	170	170	182
2.366099	-1.106138	16.965359	91	74	64
1.862267	-1.036294	15.800018	119	101	82
-12.523846	-0.990881	43.893494	161	157	168
-15.539560	-3.459416	46.417801	182	177	190
11.297544	-2.827881	26.352695	22	24	36
6.545389	-3.367347	35.413193	132	124	133
