-0.516167	0.122836	3.001983	184	184	192
-0.013143	0.477696	3.137184	12	10	18
-0.052107	0.257464	3.166160	210	210	220
-0.509805	0.208972	3.000733	19	19	29
-0.032372	0.449783	3.138070	13	10	18
-0.148280	0.521927	3.145963	21	12	25
-0.412145	0.218364	3.050327	10	8	18
-0.013140	0.402924	3.140926	23	27	31
-0.000460	-0.075842	3.185450	26	29	38
-0.019695	0.373985	3.161776	17	16	21
-0.045277	0.365591	3.141608	212	208	217
-0.000415	-0.037523	3.183355	18	21	30
-0.524976	0.187787	3.419527	23	21	31
-0.026042	0.183707	3.151098	6	8	17
0.038553	0.323363	3.165206	27	15	20
-0.681645	0.148228	3.580750	191	189	197
-0.174138	0.011942	3.147116	21	22	27
-0.149416	0.072801	3.167555	26	27	32
-0.019589	0.293567	3.146053	25	25	35
-0.148487	0.031215	3.149322	22	21	26
-0.032637	0.038505	3.158340	9	8	16
-0.019725	0.263786	3.167193	14	14	24
-0.364050	0.135118	3.066128	23	21	29
0.025663	0.020062	3.180742	28	31	38
-0.052063	0.301675	3.163916	203	203	211
0.006182	0.152332	3.153708	29	32	41
0.032124	0.244785	3.169094	31	29	37
-0.045601	0.241703	3.166960	11	14	23
-0.160812	0.230331	3.138537	12	12	20
-0.173903	0.088076	3.143438	17	17	25
-0.384335	0.220177	3.077489	9	7	17
-0.176451	-0.020214	3.188668	205	204	209
-0.159823	0.200782	3.120091	21	21	29
-0.483650	0.210825	3.029166	4	4	14
-0.390913	0.110507	3.080136	22	20	28
0.038538	0.354755	3.163552	22	19	15
0.018999	0.405737	3.141524	60	54	59
0.032129	0.213252	3.170772	29	25	36
-0.167407	0.126115	3.142417	13	13	21
-0.045494	0.474595	3.155758	211	207	216
-0.051801	0.189924	3.149570	204	207	214
-0.148165	0.151551	3.143454	19	22	29
-0.045249	0.403099	3.139729	192	190	198
-0.680317	0.170877	2.936690	26	26	34
-0.058932	-0.105262	3.183661	55	54	57
-0.487672	0.142225	2.707628	24	24	32
-0.302562	0.188864	3.078138	10	8	18
-0.925436	0.187086	3.706723	22	22	30
-0.327278	0.169866	3.073656	24	22	32
-0.610684	0.179231	3.390487	17	17	25
-0.695685	0.163727	2.905573	31	31	39
0.065196	0.023727	3.199862	26	30	34
-0.317259	0.079938	3.099183	18	23	29
0.019164	-0.136251	3.188662	31	29	37
-0.726692	0.145859	2.910762	34	34	42
-0.140932	0.549924	3.125639	39	34	51
-0.121222	0.466007	3.112088	14	7	17
-0.664453	0.114929	3.346922	21	21	29
-0.327317	0.119648	2.757128	17	17	25
-0.342091	0.060808	3.094426	6	11	17
-0.338401	0.175897	2.504913	11	11	21
0.071097	0.099573	3.176706	33	36	43
0.077495	0.244640	3.168618	36	24	29
-0.313625	0.176324	2.511690	13	13	23
-0.051632	0.069628	3.136211	188	184	195
-3.152443	0.882691	13.754234	23	20	26
-0.571230	0.119540	3.001282	23	23	31
-0.460885	0.163304	2.706555	19	19	27
-0.512269	0.180472	3.008419	45	45	55
-0.576667	0.206144	3.386297	35	33	43
-0.018327	0.263741	3.144003	10	10	20
0.028230	0.102571	3.176638	16	19	28
0.035979	0.242834	3.169506	31	29	37
0.012682	0.269421	3.167582	29	29	39
0.004871	0.155707	3.173443	29	32	41
-0.010528	0.477035	3.133528	12	10	18
-0.041625	0.428085	3.158407	12	12	20
-0.032297	0.448090	3.130374	22	20	28
-0.166368	0.125389	3.122892	19	19	27
0.020415	-0.099832	3.187042	28	31	40
0.004885	0.186084	3.171831	24	27	36
-0.018275	0.290093	3.142324	23	23	33
-0.141592	0.176630	3.139313	30	33	40
0.004906	0.045364	3.178807	17	20	29
-0.163191	0.201542	3.111710	17	17	25
-0.034173	0.071734	3.176625	19	17	27
-0.049395	0.405508	3.159213	192	190	198
0.012647	0.378806	3.162199	25	22	26
-0.305198	0.189809	3.105077	133	133	141
-0.576580	0.235266	3.385434	13	11	21
-0.041885	-0.073638	3.182635	27	30	39
-0.045531	0.213680	3.157023	6	9	18
0.004813	0.071984	3.177936	22	25	34
-0.149320	0.153867	3.139578	94	97	104
-0.033793	-0.042478	3.157726	22	25	34
-0.041702	0.341345	3.162631	13	13	21
-0.002951	-0.038438	3.159475	27	30	39
-0.325998	0.166786	3.062073	16	14	24
0.012649	0.295823	3.166530	31	29	41
-0.032636	0.040910	3.150764	112	110	118
-0.149557	0.545177	3.144673	25	21	32
-0.164425	0.229406	3.134139	19	19	27
-0.454506	0.162296	2.747991	21	21	29
0.043720	0.348439	3.163859	27	16	16
-0.656946	0.143228	2.928779	61	61	69
-0.149516	0.036265	3.144793	12	12	16
-0.117946	0.518781	3.125330	197	186	202
-0.695570	0.163989	2.909884	31	31	39
-0.180241	0.013168	3.142065	23	24	29
-0.365505	0.135591	3.077918	23	21	29
0.012642	0.401393	3.161034	20	18	19
-0.122149	0.573135	3.134140	19	22	42
-0.512232	0.206359	3.007827	18	18	28
-0.484202	0.206942	3.017207	10	10	20
-0.766379	0.132751	3.836302	19	17	25
-0.721176	0.141691	2.897976	36	36	44
-0.326389	0.122074	2.748348	54	54	62
-0.591024	0.100834	2.958704	18	18	26
-0.669633	0.186376	2.921381	11	11	19
0.067204	0.133087	3.174832	28	31	38
-0.420952	0.081772	3.041751	72	70	78
-0.298351	0.109350	2.512669	20	20	28
0.067213	0.102735	3.176508	24	27	34
-0.510355	0.061602	3.444557	17	22	28
-0.125661	0.473915	3.126769	14	7	17
-0.314078	0.083544	3.092154	15	20	26
-0.470912	0.073720	3.026941	181	181	189
-0.024545	0.154768	3.153553	8	9	17
-0.529899	0.160923	3.416629	20	18	26
-0.446680	0.158400	3.054571	19	19	27
0.003293	0.474959	3.110900	6	9	16
-0.341740	0.168920	3.081962	20	18	28
-0.052369	0.172815	3.151311	135	139	143
0.031309	-0.013010	3.163150	18	21	30
-0.033699	0.441382	3.138947	13	13	22
0.012568	0.393858	3.142638	24	18	23
-0.015205	0.376068	3.142959	35	31	40
-0.703441	0.169128	2.924900	31	31	39
0.004822	0.046581	3.155397	27	30	39
-0.645776	0.168526	2.929022	211	211	219
-0.041372	0.334442	3.139127	17	17	25
0.003376	0.292994	3.175550	28	28	38
-0.024737	0.279332	3.175945	22	22	32
0.003365	0.183588	3.181257	21	24	33
-0.336315	0.153494	2.501195	25	25	33
-0.510181	0.182480	3.004586	19	19	29
-0.408319	0.188784	3.036405	25	24	33
-0.306080	0.196385	3.088600	10	8	18
-0.485043	0.196305	3.012949	14	14	24
-0.382255	0.206997	3.042593	18	16	26
-0.170163	0.209981	3.133056	22	22	30
-0.563365	0.106984	4.099736	12	12	20
-0.172406	0.222095	3.138561	16	16	24
-0.143851	0.632312	3.122223	25	18	28
-0.438105	0.174213	2.721675	11	11	19
-0.668629	0.185381	2.917052	15	15	23
-0.153186	0.542686	3.125494	25	21	30
-0.041488	0.232144	3.144553	22	25	34
-0.601452	0.096888	2.974015	18	18	26
-0.506820	0.103662	3.037549	17	17	25
-0.394867	0.105189	3.071485	18	16	24
-0.048427	0.268806	3.135702	102	102	112
-0.315481	0.088052	3.091434	24	29	35
-0.149098	0.036932	3.135469	12	12	16
-0.116431	0.587488	3.126912	20	18	28
0.068388	0.127869	3.156154	23	26	33
-0.513591	0.116811	2.697057	42	42	50
-0.568474	0.128298	2.985382	20	20	28
-0.835135	0.152822	3.747694	17	17	25
-0.748657	0.138915	2.932962	33	33	41
0.068864	0.242680	3.178580	38	27	34
0.059787	-0.012927	3.191541	22	26	28
-0.451548	0.085904	2.696979	17	17	25
-0.004175	0.172890	3.170569	22	25	34
-0.606571	0.133626	2.786866	202	202	210
-0.691242	0.168804	2.902424	32	32	40
-0.136837	0.159713	3.128549	16	19	26
-0.331063	0.151587	2.506342	19	19	27
-0.504455	0.185608	3.012408	20	20	30
-0.339445	0.156157	3.060768	23	21	29
-0.402088	0.187424	3.043617	15	13	23
-0.458774	0.156085	3.062878	14	14	22
-0.409783	0.135605	2.736324	17	17	25
-0.310811	0.201530	3.099056	32	30	40
0.040778	-0.018578	3.180805	84	87	94
-0.169641	0.213751	3.122117	18	18	26
-0.124530	0.216904	3.154069	203	206	213
0.063051	0.227409	3.168007	34	27	37
-0.744790	0.137924	2.911224	31	31	39
0.031741	0.015287	3.207411	22	26	30
-0.310911	0.141852	3.101051	189	189	197
-0.583664	0.148572	3.413466	191	189	197
-0.015152	0.268341	3.131556	64	64	74
-0.048833	0.331000	3.161127	17	17	25
0.040590	0.330598	3.163130	24	14	15
-0.015449	0.383863	3.193691	16	12	17
-0.048745	0.434287	3.155596	25	25	33
-0.655919	0.119379	2.943521	25	25	33
-0.532860	0.186250	2.934722	201	201	209
0.029566	0.112939	3.173612	15	18	27
-0.147977	0.045416	3.132167	22	21	26
-0.026291	0.046395	3.141878	9	8	16
-0.363423	0.087894	2.751536	18	18	26
-0.729060	0.098113	3.864563	172	172	180
-0.048301	0.219794	3.132015	104	107	116
-0.308004	0.092022	3.070658	24	27	34
-0.544409	0.195403	2.997874	202	202	212
-0.057732	0.175696	3.160994	135	139	143
-0.017565	0.110271	3.166240	214	217	226
-0.182142	0.053398	3.130925	195	195	203
-0.004101	0.175864	3.163222	25	28	37
-0.044208	0.391083	3.151340	210	206	215
-0.004160	0.395803	3.193520	22	16	21
-0.499079	0.191900	2.993254	24	24	34
-0.406638	0.196067	3.062090	18	16	26
-0.017703	-0.055028	3.215334	22	25	34
-0.137933	0.162141	3.155176	19	22	29
-0.175542	0.159896	3.110082	207	207	215
-0.696207	0.124576	2.914917	193	193	201
-0.175694	0.107922	3.112536	23	23	31
-0.343650	0.158158	3.079646	23	21	29
-0.404313	0.102093	3.060292	20	18	26
-0.618358	0.164457	3.365471	15	15	23
-0.506168	0.091238	3.035878	14	14	22
-0.639956	0.138356	2.940499	24	24	32
-0.015476	0.276630	3.192596	23	23	33
-0.044247	0.280403	3.156409	213	213	223
-0.017472	-0.007935	3.132087	209	212	221
-0.406916	0.144347	3.064199	197	195	203
-0.409091	0.129587	2.731430	21	21	29
-0.004176	0.057798	3.169449	33	36	45
-0.017531	-0.107085	3.176594	208	209	214
-0.438319	0.205786	3.011989	205	205	215
-0.048374	0.224066	3.132272	106	109	118
0.049430	0.338540	3.155754	25	26	18
-0.266160	0.074347	2.654891	172	172	180
-0.044253	0.339018	3.153980	18	18	26
-0.397706	0.187583	2.732821	202	202	212
-0.593629	0.189793	2.958215	15	15	23
-0.057901	0.057413	3.167068	195	191	200
-0.048815	0.441630	3.162338	31	31	39
-0.955876	0.181568	5.709235	65	65	75
-0.356878	0.054158	3.081027	19	24	30
-0.457344	0.040131	3.053836	22	22	30
0.041672	-0.126138	3.179364	39	37	45
-0.491773	0.201197	2.979517	18	18	28
-0.685751	0.181432	2.901809	16	16	24
-0.023248	0.231546	3.209717	220	220	230
0.042116	0.056144	3.220235	216	219	228
-0.023074	0.054985	3.169329	23	26	35
-0.455286	0.205030	3.039718	205	205	215
-0.135634	0.054137	3.161165	21	22	25
-0.506897	0.079528	2.979199	21	21	29
-0.645976	0.122537	2.922357	25	25	33
0.042131	0.120049	3.216659	23	26	33
-0.417060	0.208909	3.100655	20	18	28
-0.686089	0.136637	2.903250	204	204	212
-0.614233	0.140406	2.984974	194	194	202
-0.022945	0.165296	3.163491	24	27	36
0.057562	0.228056	3.161218	33	26	36
0.009129	0.378676	3.105423	20	21	26
-0.055124	0.165180	3.161996	206	209	216
-0.043781	0.276366	3.124208	194	194	204
-0.119325	0.164860	3.157207	17	20	27
-0.455665	0.143267	3.042184	22	22	30
-0.054895	0.384664	3.150909	151	149	157
-0.183192	0.164423	3.150039	205	205	213
-0.350529	0.144749	3.070761	24	22	30
-0.631961	0.182876	2.926334	207	207	216
-0.366303	0.035775	3.071698	16	17	22
0.049064	0.333512	3.131770	24	14	15
-0.036703	-0.066970	3.244644	25	28	37
0.041560	0.228709	3.171357	33	29	38
-0.006747	0.321648	3.136641	216	219	228
0.041759	-0.064630	3.186090	213	216	223
-0.111039	0.159477	3.108836	20	23	30
-0.317960	0.125548	2.761705	19	19	27
-0.132623	0.048037	3.170752	22	26	30
-0.152036	-0.009382	3.171451	198	196	204
-0.452485	0.203826	3.021009	204	204	214
0.022265	-0.122121	3.189043	30	30	38
-0.044477	-0.207189	3.215595	176	175	178
-0.020654	-0.021769	3.206615	214	217	226
-0.020467	0.207665	3.194480	205	205	215
0.048751	-0.020392	3.137487	73	76	83
0.042394	-0.065744	3.234129	214	215	220
-0.133122	0.048183	3.182706	19	23	27
0.071722	0.047105	3.133728	217	220	229
-0.733258	0.166352	2.868360	206	206	216
-0.044211	-0.068170	3.208048	26	29	38
-0.134431	0.090570	3.121615	205	205	213
-0.020404	-0.156678	3.143079	172	171	174
0.022790	-0.129213	3.224185	36	34	42
-0.366321	0.204919	3.148133	203	201	211
-0.180006	0.045140	3.118253	201	202	207
-0.733698	0.102375	2.870229	164	164	172
