5.843571	-0.231306	12.985325	120	87	73
-2.126588	-3.693738	13.253976	32	26	19
-1.999495	-3.294734	12.690042	36	28	31
1.206365	3.123871	12.726397	114	102	106
0.656480	3.032395	12.874316	58	53	50
0.566428	3.086189	13.227470	60	54	50
-2.097005	-3.142783	13.660972	119	117	118
3.141485	2.898399	13.245266	79	101	90
-1.978201	-2.909942	13.239815	129	127	124
2.976119	2.791635	12.881118	107	129	123
-4.701813	2.774590	14.093503	105	51	47
1.999867	2.681457	13.010123	166	155	150
-5.006613	-1.926799	12.422020	47	38	34
-4.550275	2.036322	12.560998	175	168	171
-4.871276	-1.714649	12.084994	79	67	56
-4.863055	-1.896680	13.443432	87	85	83
-2.059762	-1.504494	13.242890	44	27	28
-3.375876	-1.382888	12.888880	44	26	23
-2.806767	1.820550	12.937973	141	137	130
0.839439	1.829614	12.838620	125	121	110
-5.427190	-0.844095	12.394608	57	57	54
-5.719460	-0.890435	13.062197	78	77	75
-3.160167	1.673426	12.759484	165	162	154
0.765255	1.742031	12.665105	67	63	53
6.877258	-0.655605	13.301037	76	57	41
3.434302	-0.668781	13.220892	94	83	79
0.690607	1.720916	12.535213	94	88	81
3.293889	-0.641860	13.205452	61	59	57
3.517620	-0.613955	13.229296	156	150	144
-4.533999	1.553555	12.375825	65	62	61
0.917948	1.801774	13.212559	50	46	38
1.428510	-0.576772	13.184772	99	74	73
2.701468	-0.529646	12.702270	141	126	115
3.704578	-0.520272	12.938174	119	110	101
0.648493	1.653422	12.224854	109	108	101
7.056157	-0.462025	13.392784	86	75	69
1.508759	-0.521639	13.179383	164	143	143
2.617190	-0.476898	12.671553	231	213	208
2.922841	-0.534519	14.150917	200	182	177
2.965972	-0.512853	13.631212	159	146	148
-2.269231	1.368283	12.595584	159	150	142
6.130434	-0.422673	13.144742	207	199	197
7.267569	-0.432882	13.479921	45	36	18
7.081729	-0.358485	12.727870	55	33	29
-1.130342	1.133160	13.133351	180	174	169
-0.804813	1.088454	12.903926	177	170	168
7.064852	-0.336831	12.867781	39	30	20
2.094899	1.092247	12.494988	120	109	102
3.737944	-0.380588	13.246011	65	55	53
2.177301	1.018774	12.528082	62	51	44
2.925858	-0.367571	14.422661	167	120	109
2.070305	0.969677	11.912771	83	78	66
7.006501	-0.156291	13.173777	164	159	145
0.455440	0.912377	12.407512	103	100	104
2.057061	0.917252	12.614592	114	110	100
3.657875	-0.147958	13.150620	62	45	39
6.873961	-0.044868	12.826131	163	149	140
3.529687	0.013565	13.074407	61	53	55
3.433212	0.066078	12.717218	138	124	114
3.866503	0.179245	13.129092	133	110	91
0.677871	0.810352	12.774398	82	81	86
1.000587	1.623427	12.545100	103	99	93
6.904908	-0.565396	12.926293	174	151	126
-0.936132	2.729924	12.683432	79	76	66
-1.733404	-0.326305	12.269930	64	57	60
3.139350	2.508912	13.350503	43	79	80
3.518649	2.209898	12.842644	145	136	137
-0.737007	1.000115	12.414141	153	150	151
2.136508	2.006422	12.591244	38	33	32
3.902124	-0.464036	12.978898	203	193	178
3.077046	2.850127	13.532005	124	157	152
3.162738	2.114212	13.107698	49	42	41
0.413393	0.817176	11.245466	141	138	142
3.080874	2.471842	13.123124	36	74	72
-2.104263	-3.667499	13.071989	23	17	11
-4.463655	2.021659	12.419416	178	173	175
0.751174	3.488738	12.948171	84	60	56
-2.037171	-3.345580	12.895160	36	28	31
-5.129394	-2.891900	12.053539	55	58	48
-2.022354	-3.071485	13.212304	106	106	106
-1.890155	-2.871190	12.757751	82	81	82
1.200072	3.107718	12.660111	120	108	110
0.914572	1.766164	13.026461	48	44	36
0.831813	1.637646	11.977015	56	52	44
-5.025616	-2.030834	12.455631	76	67	55
0.641072	2.973202	12.654778	45	40	36
-4.678627	-1.673541	11.666706	86	76	62
0.531516	2.853207	12.275575	91	85	81
-4.950794	-1.621303	12.345623	53	42	31
-4.766014	-1.467587	11.956339	69	48	44
-3.332427	-1.382013	12.761381	46	29	27
-0.799191	1.071393	12.824421	174	170	164
-0.936132	2.729925	12.683436	79	76	66
0.431926	0.888290	12.040288	118	116	117
6.912314	-0.667393	13.368021	72	58	44
2.056802	0.914468	12.612020	124	118	109
0.649795	0.822066	12.841914	74	73	78
3.402557	-0.680349	13.637562	72	65	63
6.973748	-0.587554	13.053648	174	154	124
3.431658	-0.595627	12.889812	137	130	131
5.872823	-0.589481	13.619830	88	67	51
3.316856	-0.573583	12.973701	56	53	57
2.604946	-0.517656	12.246704	189	168	153
3.092011	-0.438198	10.798068	106	106	103
7.163886	-0.466489	13.633789	98	87	80
2.563263	-0.469272	12.409892	198	187	182
2.837905	-0.492669	13.042155	116	109	103
6.181676	-0.440899	13.348833	177	167	166
6.741462	-0.387222	12.412426	66	57	42
3.705367	0.169897	12.581581	122	100	82
6.866835	-0.349637	12.341934	42	29	19
1.978047	2.646648	12.865773	123	112	107
3.703863	0.072500	13.515397	167	146	133
1.410466	-0.412754	12.100768	72	48	57
6.954966	-0.328680	12.667919	50	41	29
3.517378	0.061995	13.070683	138	124	114
3.445067	-0.001728	12.686316	78	71	75
3.697481	-0.152494	13.292434	62	47	49
7.253905	-0.106452	12.756602	174	158	152
7.083845	-0.149895	13.319476	164	159	145
-1.947742	-1.250049	13.591361	158	158	165
-4.682182	-1.822922	12.943037	104	99	98
-1.983196	-0.355503	13.377249	59	52	55
-3.364960	1.869888	12.414971	89	84	83
0.939769	3.643258	13.834960	149	141	147
0.816736	1.856598	12.995220	121	115	106
0.265311	0.648849	12.999350	155	144	139
-2.705558	1.770226	12.610517	141	137	130
-3.219838	-3.189571	12.617753	42	45	52
3.059396	2.830947	13.453534	106	158	149
1.360780	1.415625	12.698010	107	102	99
3.426728	2.147336	12.505980	157	142	119
-5.075883	-2.229381	12.208694	98	90	87
-2.033944	-0.871982	13.501822	73	69	74
-4.417877	2.592129	13.309958	82	40	39
1.986611	2.660826	12.887869	152	141	136
3.246215	2.461168	13.716331	108	115	119
-4.574203	2.068246	12.727740	178	173	175
-1.928268	-2.919394	12.928575	114	112	113
-4.356007	1.830798	12.152807	60	58	59
-4.813042	1.678279	13.210959	81	78	76
0.672894	1.721439	12.691133	104	103	96
-4.466388	1.524782	12.179422	83	78	77
0.898870	1.683932	12.526205	65	61	55
0.430103	0.870503	11.833216	130	127	131
0.463150	0.914669	12.707826	89	87	88
0.626044	0.779661	12.358592	90	87	91
3.965535	0.215543	13.966930	116	96	78
3.476937	-0.012008	12.919680	78	71	75
-5.005932	-1.793371	12.345953	82	72	61
-5.402148	-1.936491	13.323256	43	35	33
7.029155	-0.108849	12.360818	189	178	171
6.900453	-0.131598	12.915787	162	161	146
-4.721041	-1.525114	11.817014	67	53	42
-4.934769	-1.493579	12.259703	79	58	47
-2.150009	-1.593644	13.610783	27	15	16
2.085362	-0.189089	7.505443	83	43	49
3.653433	-0.392644	12.982506	73	67	67
-3.371365	-1.389014	12.912270	46	29	27
2.877713	-0.438397	13.882587	162	120	116
1.445879	-0.441687	13.137072	72	48	57
7.016800	-0.352453	12.645491	49	30	24
-5.816707	-0.924710	13.285382	35	33	31
7.091733	-0.404927	13.057581	45	36	18
6.062450	-0.428804	13.091782	235	224	224
2.881610	-0.517250	13.900238	209	188	184
7.068386	-0.460050	13.452061	101	91	80
1.411271	-0.599200	13.174809	126	98	89
5.759294	-0.567783	13.357783	111	89	67
6.976051	-0.581209	13.058568	177	153	126
0.816707	1.849160	12.987850	121	115	106
3.770365	-0.645553	14.163789	172	168	161
4.483111	0.213515	15.317552	173	145	117
1.206800	3.090434	12.665516	111	99	102
-0.897020	2.653534	12.345872	66	63	54
2.018397	0.891467	12.374334	134	129	119
2.130828	0.894058	12.392670	103	100	97
-5.239264	-1.991188	12.985321	39	33	31
3.559574	2.233101	12.991411	151	138	120
2.158745	0.979820	12.308899	61	55	46
-4.833882	-2.320754	12.372420	82	79	75
0.880335	0.727009	12.685234	203	181	163
1.400572	1.435338	12.938966	96	91	88
-5.041310	-2.224054	12.150814	98	90	87
2.900792	-0.656829	13.420878	180	156	135
3.070782	2.474671	13.138936	30	67	64
-1.857071	-1.210719	12.964873	145	147	148
-4.988154	-2.101405	12.039482	62	47	39
3.530112	0.212451	12.437436	141	117	98
1.210707	3.108147	12.865077	109	97	99
-2.232148	-3.562104	13.620047	43	33	36
0.529091	2.959376	12.858411	100	94	84
-4.061469	2.586539	12.710186	158	98	91
3.118541	2.874869	13.242723	80	110	99
-4.224821	2.467236	12.797028	108	79	81
2.971223	2.746944	13.203621	70	150	137
-1.922077	-2.902092	12.835418	105	102	106
-4.471505	2.006662	12.476048	164	159	161
-3.091078	1.625817	12.602070	130	125	119
0.696856	1.699261	12.606376	117	118	110
-5.062080	-1.859244	12.522007	74	64	59
0.921246	1.660697	12.630571	92	91	84
-4.995466	-1.609772	12.463876	55	44	33
-2.051252	-1.527169	13.081851	29	15	15
2.174646	0.986892	12.399516	61	55	46
0.433250	0.872765	11.913566	115	113	114
0.504155	0.849217	12.283487	80	78	79
2.131088	0.875715	12.392833	143	139	133
3.305707	-0.668900	13.057562	72	65	63
5.754094	-0.611258	13.272229	118	104	87
8.924622	-0.821302	17.338188	174	154	124
0.619037	0.819491	12.837201	90	87	91
1.390773	-0.604187	13.275298	126	98	89
4.229321	0.060859	15.023711	201	173	146
3.644025	0.054860	12.945056	161	142	126
7.089239	-0.146895	13.224158	181	175	161
5.914628	-0.448567	12.807707	149	140	139
1.434045	-0.461235	13.242000	72	48	57
3.679444	-0.410272	13.070213	77	70	70
6.691939	-0.308441	14.716070	101	80	68
7.294021	-0.379897	13.882760	158	145	122
3.256099	-0.479684	15.712177	99	53	60
1.379185	1.409722	12.739307	96	91	88
3.202564	2.385043	13.397552	107	112	115
-4.979569	-2.137534	12.105889	73	61	54
6.207750	-0.726364	13.829068	52	51	44
3.707216	-0.638586	13.925808	163	158	152
0.854541	0.702463	12.310848	201	179	161
2.567914	-0.503363	12.823475	188	177	172
6.176831	-0.762522	13.478186	92	87	84
3.627419	2.401186	13.855792	162	149	125
-4.599020	1.149043	12.228314	107	102	99
3.645607	2.266908	13.187290	136	128	116
6.636535	-0.344147	12.631511	162	149	131
3.217723	2.961404	13.621358	77	104	91
2.591613	2.740584	13.264677	83	78	76
2.091264	2.539791	12.736970	63	54	48
-4.242486	1.775865	11.861733	59	57	58
-2.035359	-1.496314	12.975005	31	12	12
-4.615520	1.619089	12.605888	71	69	70
0.909555	1.751662	12.843233	65	61	55
0.481485	0.941341	13.041523	76	73	77
0.614690	0.791493	12.384999	90	87	91
6.768748	-0.668909	13.111059	81	74	62
3.808368	0.172899	13.068830	122	100	82
2.044818	2.798424	13.571290	166	155	150
3.334838	-0.646805	13.172647	61	54	57
-1.866066	-2.876449	12.823454	84	82	83
1.392009	-0.480391	12.770733	134	112	117
6.180379	-0.460772	13.402516	141	132	130
2.070701	0.863891	12.111798	143	139	131
1.509388	1.354578	12.576586	84	84	79
2.207637	1.001966	12.477642	88	82	73
-3.822538	2.486349	12.125064	158	98	91
3.002425	2.790798	13.346873	112	161	152
2.958847	-0.391151	12.987217	78	66	68
7.842596	-0.512544	14.826917	90	81	65
0.832676	0.702874	12.011173	146	130	117
3.557590	0.058362	12.388515	168	148	132
3.633754	2.431305	13.886636	156	148	163
6.080568	-0.229567	13.308702	100	73	57
6.441478	-0.643851	14.233562	56	54	53
-0.272331	2.169044	12.063992	68	59	58
3.005578	2.434366	12.953942	40	59	58
-0.829357	2.604563	11.987341	79	76	66
-4.166960	2.053436	11.460797	106	102	103
-3.503000	-1.445004	13.324054	46	29	27
-4.574815	1.346353	12.074978	166	166	166
-3.927589	1.517987	12.360867	81	73	68
6.527061	-0.272649	14.315186	89	67	49
3.694657	-0.343361	13.295849	48	42	41
1.375890	-0.486557	13.803467	69	44	43
6.106604	-0.460838	13.392881	211	202	201
1.493645	1.346285	12.448392	90	88	84
3.001397	2.496179	13.225367	35	54	53
0.908460	1.746919	13.141800	78	74	68
0.721310	0.820579	13.387863	141	130	123
3.798630	0.201988	13.187799	116	96	78
-0.275657	2.197638	12.195557	66	59	57
2.612815	-0.323900	11.473423	117	66	70
2.984984	-0.379609	13.157390	42	30	30
3.379603	-0.004931	13.123567	71	61	61
-3.099720	1.653810	12.837810	145	140	133
3.369575	2.387929	13.351538	148	155	164
3.145579	-0.611373	12.466999	71	64	62
-1.849490	-1.271085	13.249352	168	163	165
3.727571	1.067829	12.940933	63	54	46
-3.075840	-1.382050	11.753328	92	62	44
-2.113332	-1.578289	13.381083	27	15	16
0.905996	1.835611	13.301760	48	44	36
-1.769658	-1.318135	13.254889	183	177	182
1.455145	1.345337	12.444020	96	91	88
2.169437	1.063258	12.621997	78	67	60
5.695758	-0.594918	13.105130	104	86	69
1.354805	-0.586308	12.932180	127	99	90
2.492849	-0.583854	13.103698	217	198	186
3.727571	1.067829	12.940933	63	54	46
5.968680	-0.433269	13.177914	250	245	244
0.566922	-0.362931	12.637367	189	169	149
0.546802	0.804997	12.513114	88	85	89
3.152854	-0.370438	14.281413	72	61	58
3.673665	-0.337354	13.324362	43	41	39
3.797204	0.195097	13.181498	116	96	78
0.345863	0.621636	13.619797	195	164	152
0.615030	-0.411290	13.688024	151	129	121
3.696454	0.999578	12.565028	58	49	43
1.568663	1.369008	13.275343	106	106	101
3.237471	-0.820692	14.192924	140	131	125
3.224007	-0.646262	12.892095	71	64	62
2.166967	1.003898	12.259461	62	51	44
3.610424	-0.358043	12.923314	46	41	40
1.289702	-0.274061	12.456734	168	127	107
1.840992	-0.608810	13.857502	222	201	197
0.991519	0.803110	12.159862	196	201	200
-1.937512	-0.357118	12.656800	73	66	69
