18.594271	-8.729272	36.641315	131	128	143
11.602660	0.968197	20.994356	23	15	13
10.475769	1.016332	21.882854	40	38	50
17.828205	-7.704806	35.155796	13	11	26
6.586828	2.848516	21.566683	52	49	66
-4.345518	-9.169715	33.140839	18	16	35
-10.426196	2.419557	28.973455	10	8	17
6.617547	3.203900	17.097483	201	203	201
-13.164389	3.298176	36.791798	3	2	13
-6.400995	-13.765838	48.354511	174	171	189
-14.875675	-11.333693	42.445301	35	29	35
-13.064773	-3.770335	41.811779	205	199	205
16.316412	-7.626307	31.531940	150	148	160
16.827417	-7.581909	31.889505	7	6	11
-12.709721	-9.511673	36.523453	17	13	24
5.597801	-7.163145	44.203056	197	194	209
14.342912	-9.647599	41.973259	148	135	146
8.955984	2.309075	16.076059	194	169	110
6.994554	3.010419	20.049112	172	160	174
6.256965	-6.602605	40.158718	151	149	168
19.259079	-7.971704	37.640682	122	119	134
5.282367	-7.191971	43.821579	30	28	40
13.780236	-7.422224	35.840912	14	9	15
9.623445	-8.082816	40.264000	150	146	161
7.165661	3.818929	17.675148	189	191	191
17.409971	-5.557570	36.515766	24	23	38
11.750803	1.059757	21.106230	179	162	117
10.313850	1.253622	21.571875	142	139	153
6.906459	3.331032	18.612087	84	88	93
7.348541	3.559469	18.024368	188	189	193
6.857527	3.113006	21.870844	98	95	112
7.926117	-8.331529	47.637619	155	146	162
10.254704	1.527661	21.434580	14	16	30
12.156198	-9.945331	34.144196	154	153	165
11.065312	-9.566732	46.598244	24	21	35
8.099906	-10.230286	41.198456	173	180	194
11.224583	-7.906552	37.097694	184	180	200
7.143508	3.037676	19.852661	183	171	185
9.853902	-7.756394	47.380154	30	25	41
-15.346700	-10.742983	44.277718	53	45	61
6.496469	2.404634	21.140142	58	55	72
17.819086	-5.915136	36.442001	174	172	192
-6.799981	-13.979870	49.111576	77	73	93
10.337806	-7.555427	31.992800	153	152	168
5.385644	-6.536762	39.740509	54	53	67
17.279320	-5.285548	32.255116	10	8	16
16.078108	-6.819516	29.653595	9	7	19
12.287238	-6.641051	35.526054	25	28	39
12.251293	-1.887084	26.023542	25	22	32
8.748339	2.845557	16.023088	83	57	13
17.821957	-3.213382	33.894501	137	139	153
10.596749	-6.973548	33.615688	206	204	221
10.695731	-6.085089	28.680740	151	146	154
7.525678	2.643258	18.843752	96	95	99
14.437435	-2.737281	30.962858	140	136	145
-13.503400	-8.272770	38.881500	185	180	198
10.510279	-9.983598	45.043591	161	159	171
14.207435	-7.418179	36.183823	179	171	181
8.609846	-9.785386	43.324501	184	187	206
-9.954365	-2.339077	32.581722	27	19	39
7.266034	3.877081	17.983377	183	184	186
6.826437	3.937789	18.533079	70	83	61
6.805958	3.638332	17.694183	130	127	129
7.202204	3.519227	17.726046	201	202	207
6.743866	3.286671	17.430353	154	156	154
19.455877	-8.110798	38.124603	121	118	133
7.842250	3.204484	20.707609	49	46	57
13.585556	-7.729309	36.478558	130	126	135
6.954044	3.018179	20.002058	186	177	190
7.215465	2.774098	18.890556	179	173	185
19.067255	-8.303364	37.727589	7	5	17
7.688379	2.711038	19.276516	97	94	102
7.216852	3.298683	23.087206	131	128	145
12.853721	-8.413751	40.709084	193	191	208
14.143839	-7.658133	37.003525	47	41	44
14.889449	-7.769784	37.933811	158	149	161
7.886760	2.644327	19.973946	77	73	86
7.859368	3.352495	21.869663	68	54	69
6.842433	2.966978	22.408657	146	143	160
9.121819	-7.666752	38.389599	128	124	140
7.866816	-7.259277	38.196014	23	18	34
6.487813	2.432509	21.193296	58	55	72
9.251088	2.575122	23.343498	109	108	123
-9.337689	2.237043	26.173418	14	11	25
-11.214418	2.616894	31.221682	23	21	31
18.819036	-9.244240	36.713638	64	62	75
10.779973	1.585242	22.542994	71	68	83
7.290473	-7.786567	44.510105	124	118	138
-10.536960	-12.362468	46.611076	148	146	158
18.141630	-8.417432	34.921196	150	148	160
10.659913	1.296019	22.296347	174	171	186
-14.888117	-11.314745	42.600986	50	44	50
12.120584	1.102378	21.784714	152	139	116
10.279169	1.010746	21.499245	119	117	128
12.351288	1.039759	22.363159	37	30	36
17.252260	-7.299261	31.840488	27	25	37
7.079966	-7.471408	45.237644	138	136	156
8.274360	-6.647507	40.154285	22	17	33
5.368396	-7.286023	44.748909	30	28	40
6.555067	-8.326011	33.458450	173	180	194
5.709635	-7.303433	44.861378	191	188	203
16.311142	-1.427701	29.957483	19	15	24
5.597166	-6.812914	41.716209	61	58	73
15.245156	-2.080864	31.102064	109	106	117
14.536214	-2.133926	30.728205	31	28	38
17.876381	-5.974758	36.632515	146	144	164
12.922741	-6.719723	43.245903	150	151	165
12.932098	-2.469115	27.955414	138	133	144
12.739849	-9.307544	39.444595	74	73	91
-12.039554	-9.577339	34.403839	54	39	58
16.113756	-5.173131	33.906422	24	23	36
-12.807861	-3.736159	41.023098	163	157	165
17.427139	-3.131907	33.205650	99	102	114
-12.995297	-11.400305	45.908920	187	188	192
11.762608	-7.998523	34.540024	149	136	147
-4.123425	-8.703571	31.457222	18	16	35
7.933684	-7.546170	45.707642	24	15	24
5.468027	-8.446042	49.020538	174	172	187
13.332031	-7.211225	38.523037	59	61	75
8.855051	-9.894879	39.284176	181	173	192
4.476810	-5.821207	35.595882	191	188	203
18.294321	-7.701597	35.997490	64	61	78
10.326728	1.002304	21.603500	119	117	128
7.228972	3.853824	17.884268	187	189	189
21.318159	-9.255247	42.221321	51	49	57
10.542540	1.538638	22.046721	71	68	83
15.598129	-10.503224	45.497128	149	136	147
13.214514	-7.282284	34.693390	41	34	34
8.727949	2.405610	21.963461	49	52	65
18.730791	-8.454653	35.627918	78	76	84
9.114370	2.443418	22.265072	44	48	61
17.695482	-8.212934	34.059269	150	148	160
6.614324	3.538114	17.231901	83	80	85
19.439047	-6.468009	39.951118	119	117	137
7.364180	3.626177	18.196394	206	207	212
-6.390158	-13.482631	47.507942	90	86	106
14.291645	-2.101142	30.204777	31	28	38
15.680858	-2.391254	33.410423	126	122	133
6.942621	3.411980	17.928455	154	156	154
4.829809	-6.625080	40.653728	40	38	50
5.664344	2.438725	18.493366	54	51	68
7.799407	2.669746	19.851166	135	131	144
6.711381	-7.201200	41.266239	158	155	175
6.895245	3.313971	18.616035	177	184	186
-16.299961	-12.279462	46.575153	50	44	50
-6.433526	-13.439950	48.877205	21	17	37
18.760008	-6.073224	39.489067	20	20	31
7.531864	3.046096	20.052189	46	37	50
8.049011	-9.233324	40.411751	150	150	167
7.541000	-9.575419	38.445312	113	122	138
12.170558	-7.961787	38.574539	208	205	222
-9.404860	-2.350477	30.921700	52	43	65
7.254475	-7.009179	42.315155	24	18	28
15.221452	-2.833161	32.846512	141	137	148
6.665418	3.823905	18.154482	83	102	66
10.437366	1.274385	21.841679	173	170	185
16.776262	-8.245333	32.722870	105	102	117
-10.055516	2.383969	28.119501	7	5	16
6.800100	2.941278	22.342857	180	179	195
-7.057009	-8.656337	32.528423	22	20	32
12.620028	-7.278352	34.187538	135	131	143
7.226677	2.760978	18.838083	183	180	190
9.550742	-7.754925	46.525257	32	27	43
10.481841	-8.785526	44.160362	128	124	140
17.323444	-3.074524	32.921322	137	139	153
16.648869	-2.229335	33.984592	104	101	111
9.472450	2.512182	18.117256	157	126	143
11.394540	-8.044852	37.845535	181	178	198
15.859396	-1.609155	31.210405	11	9	17
-7.794717	-14.010128	49.378639	145	143	154
9.111509	2.328880	19.416878	191	194	191
7.071499	3.476557	17.556318	206	207	212
6.983264	3.388946	18.016720	147	148	149
7.029145	3.352585	18.952265	195	197	203
-5.328101	-11.160691	40.601452	18	16	35
7.943649	3.231908	21.197147	59	36	50
5.426918	-7.457566	45.810741	68	66	78
18.062271	-5.977338	37.179722	100	98	118
8.465487	-9.549325	37.628563	174	166	188
13.604144	-2.583872	29.724178	140	133	145
8.923136	-8.943564	39.642220	188	184	195
14.811745	-4.959533	31.362570	14	14	24
16.271196	-7.176176	30.999962	6	5	10
11.171197	1.088939	23.299849	131	129	138
11.953791	-8.144270	34.964512	156	141	150
10.524000	1.507659	21.982206	71	68	83
17.162416	-7.276195	33.782539	64	61	78
-14.957236	-10.415758	43.405613	43	36	50
6.243255	2.686026	20.465870	52	49	66
8.722080	2.330133	21.881107	62	65	78
9.023422	2.428288	22.055973	44	48	61
16.917448	-8.343831	32.855206	113	111	125
9.945884	2.530658	21.172335	177	181	186
8.992178	2.069807	18.864340	59	67	78
9.751425	-12.198236	48.885727	113	122	138
16.907007	-2.298884	34.483372	37	34	43
-9.431792	-2.307671	30.865988	35	27	47
9.938779	-8.320664	42.158749	108	105	120
9.687992	-8.692005	41.104057	65	63	75
7.696998	-8.801570	38.393097	153	151	166
14.299436	-1.473623	28.159189	11	9	17
-11.132059	2.666356	31.091864	7	5	14
17.604231	-5.420591	35.618557	14	15	33
14.363998	-2.126407	38.104012	158	163	186
5.616294	-5.518680	32.684998	25	15	24
15.406010	-5.095920	32.482243	14	13	27
6.026094	2.899743	16.310556	49	57	53
10.067358	-12.406101	49.590408	174	178	192
15.880081	-5.251755	32.611893	171	169	189
16.101229	-2.174531	33.074245	101	97	108
6.220748	-6.732051	38.847759	158	155	175
7.435134	3.018674	19.725372	56	50	62
9.382788	1.324440	19.559402	18	20	34
-13.715214	-9.702295	40.274723	37	30	40
14.012529	-2.552315	30.396240	134	128	140
18.899178	-1.885488	36.852291	10	11	16
4.906762	-6.397769	38.785137	179	176	191
-10.308743	-3.118490	33.074013	141	134	144
9.863776	-6.994882	32.409786	175	172	192
8.832077	2.388766	21.617125	40	44	57
6.833300	-6.684108	39.550461	25	14	23
14.460613	-2.689939	30.530947	21	17	26
6.552553	-6.691166	29.224220	191	187	198
8.142526	-7.327518	39.445873	37	30	46
6.330254	2.895653	18.786161	199	196	205
13.001625	-2.011845	34.603210	154	161	185
7.742249	2.381593	17.436583	177	172	180
-14.965427	-9.239545	42.863155	187	182	200
-11.447981	-3.097994	36.771408	111	108	110
15.879732	-6.404335	37.935867	4	3	17
9.938779	-8.320664	42.158749	108	105	120
16.295876	-6.905875	32.080990	121	118	133
16.946089	-3.399261	34.777405	131	127	136
10.349531	-6.859587	33.083687	180	177	194
10.067410	-7.068766	41.908821	80	73	83
12.956777	-7.358733	34.836479	159	156	169
-13.409465	-3.105043	43.883221	46	37	59
9.771444	2.255410	20.511200	77	82	97
14.009933	-4.287359	28.392044	0	3	19
6.518450	3.135990	19.804859	207	206	213
17.544352	-6.011298	37.275295	17	18	24
7.716839	3.168096	20.560804	75	70	81
14.639598	-6.059097	35.293152	15	14	31
9.140006	-6.417568	30.154472	194	191	209
18.324236	-6.078811	37.711479	93	91	111
2.174286	-2.909477	17.415588	38	35	50
8.864341	2.464910	21.876177	49	53	66
13.216745	-2.753087	27.492971	112	108	117
8.770755	2.222740	18.825253	188	192	195
-9.071615	-2.820597	29.211662	130	123	135
15.396340	-2.852850	32.529476	47	43	52
14.172068	-2.589320	31.732014	128	124	135
15.251117	-2.468996	32.314991	13	9	20
9.747223	-1.595901	26.366114	157	163	187
7.238269	3.249411	23.489054	135	132	149
4.008677	-5.654433	34.880154	82	80	92
12.186150	-5.029683	28.284246	93	96	125
8.650923	-3.591624	20.826513	48	51	73
14.988287	-8.459871	40.486538	160	157	171
7.749017	-5.438302	32.336056	83	78	89
7.709087	2.117596	27.652166	113	110	120
7.288550	3.279012	23.762125	172	169	186
14.260804	-1.404953	36.429890	155	152	168
12.838218	-1.593733	35.556736	104	103	119
7.503632	2.964209	23.543558	178	177	194
12.849871	-2.363645	28.724760	122	118	129
10.082600	-5.357919	29.989899	43	41	61
-11.940160	-3.030600	36.886150	24	27	36
18.312103	-7.320517	42.093967	93	96	125
-11.079387	-3.357010	35.564003	130	123	135
17.493818	-7.046708	41.972385	13	12	31
-10.732213	-4.220663	33.820766	123	118	124
2.321319	-3.150820	18.833651	60	57	72
-10.710547	-2.800158	34.987480	134	127	139
11.570892	-2.049799	31.574844	164	170	199
11.743972	-1.612881	32.042133	119	118	138
-14.480008	-0.580809	41.359497	33	34	39
-9.899536	2.208990	27.536070	89	87	101
-11.185673	2.735045	28.790678	118	119	137
