7.399542	1.871783	22.211693	69	70	79
1.445541	0.805295	19.106955	68	55	65
2.241967	0.855030	22.873169	216	208	214
1.024608	0.466091	12.525306	217	200	203
9.028315	7.339950	36.427963	174	174	186
7.017794	6.125666	28.095638	21	23	43
1.881344	0.302254	19.608416	187	178	193
4.956056	4.881086	24.697659	139	139	156
1.121654	0.146145	12.476904	54	40	53
10.156262	8.216069	35.968498	144	148	161
10.527384	5.058879	29.919418	124	122	126
12.326053	-4.033858	30.879887	107	93	95
7.748888	1.710923	19.943695	117	117	130
0.637002	1.472154	14.178349	130	123	137
18.589153	-3.436204	32.007980	126	129	142
4.781553	2.178925	24.774929	132	133	152
14.486045	-2.793681	25.700289	119	124	133
8.426745	2.412490	26.409533	35	34	49
13.226210	-4.663318	32.839844	202	186	183
0.604608	1.383311	16.222095	155	148	162
13.677638	5.156589	24.767691	25	21	25
4.570119	4.510333	30.058397	212	201	191
4.906604	5.182713	34.704372	51	26	30
11.735649	6.612190	30.851048	35	33	44
6.678265	6.068728	40.757469	200	195	184
12.384503	-7.322714	34.762337	179	179	191
12.394380	-7.592853	34.388176	45	44	57
8.671793	6.317536	43.199295	124	123	139
5.173576	-6.466880	36.372391	146	156	184
5.309107	5.449432	32.927441	188	186	197
11.108244	7.908427	37.396149	61	61	73
-5.628810	2.188866	43.625862	140	135	151
6.430753	5.062297	29.933487	57	54	69
11.732816	3.169717	29.734638	132	132	143
5.323650	4.092698	27.956186	162	158	180
8.601933	6.170587	28.583822	151	151	164
2.629577	0.654045	24.735424	192	188	199
12.286877	-7.350352	34.890026	216	216	226
12.283545	4.539371	22.580433	51	40	33
5.863518	-7.157339	42.077988	130	142	174
11.797031	8.190521	35.576420	104	101	112
2.324681	1.026188	24.199291	194	188	195
12.958640	6.401277	29.059130	52	48	58
9.136729	2.379230	27.852560	153	153	165
2.896183	0.905836	26.240709	72	64	70
8.701278	6.461645	29.108604	97	96	112
7.286957	4.461632	25.208323	89	90	104
6.077622	6.200077	29.609030	146	142	162
10.780725	-5.314050	31.336527	159	157	167
5.599177	5.630732	39.579475	83	57	66
9.067191	6.878531	30.833775	54	54	66
9.170725	6.931815	34.728527	24	17	28
6.352838	5.319340	30.728662	119	114	133
5.672908	5.491785	32.163830	100	99	114
12.395904	-7.488351	35.398422	234	234	241
10.557290	-3.749556	26.415743	202	186	183
5.664946	5.156768	34.598595	200	195	184
12.522201	-7.458898	35.263050	200	200	210
0.999723	0.134634	11.430088	48	35	45
7.701066	6.737286	30.860106	33	36	56
2.278294	0.857035	23.422831	223	215	221
0.951518	0.419271	11.526372	217	200	203
14.299828	5.239086	25.615913	21	13	21
14.434091	5.472675	26.188589	60	55	54
12.324828	-4.044281	31.050535	122	109	109
4.985251	3.421941	29.164995	32	20	10
11.292144	5.891095	25.436190	37	33	44
6.279614	4.842582	32.964775	156	152	174
9.889063	2.570843	30.143822	147	147	159
11.728703	4.330310	21.558346	51	40	33
6.226235	6.133968	31.186789	154	156	172
1.941019	0.323911	19.974239	187	178	193
13.577863	-8.886678	38.202888	210	208	228
3.395208	2.489877	21.343863	65	44	33
9.355278	2.061540	24.027628	73	73	84
7.061376	5.798836	28.874540	171	171	183
14.191411	-2.718991	25.169718	119	124	133
3.242080	0.234080	25.588320	56	49	61
8.104628	5.899123	40.362713	124	123	139
5.887826	-7.199648	42.372219	120	132	165
5.216039	5.562853	37.077759	72	47	58
4.228256	0.265887	42.485359	99	91	99
9.209496	4.180966	47.694645	155	159	173
5.482739	6.786262	34.351788	77	79	94
7.746296	9.181388	44.651306	69	71	87
9.316647	5.635319	32.192928	108	108	119
12.536965	-7.703386	34.816757	131	130	145
9.448497	7.627644	33.541595	141	145	158
0.874219	2.033864	23.863640	143	136	148
5.269315	-6.408260	35.770538	157	162	190
9.838636	2.859526	30.912195	31	30	45
9.393085	7.448658	43.595055	65	62	77
9.443435	7.212874	32.403812	31	31	43
12.187404	5.873159	34.802525	128	130	145
9.944369	2.703656	25.365108	129	129	142
1.086892	4.122343	42.189621	71	64	78
2.847080	0.891636	25.989708	82	74	80
10.746151	-3.655720	27.989361	117	110	120
4.550046	4.724451	28.531776	171	168	176
8.820867	6.615899	27.062298	67	67	77
8.284312	-6.925252	31.003429	127	72	91
4.704065	3.814630	16.727615	80	81	97
18.987926	-2.265690	33.833679	53	52	67
11.626389	5.210638	34.402645	107	105	118
6.635495	6.459136	37.717842	101	100	115
12.604466	6.243101	28.406853	48	44	53
9.175263	7.355840	33.439896	34	30	49
3.179040	4.467934	27.305037	78	74	83
0.974027	0.437975	11.662904	220	206	208
3.085434	0.771668	28.803194	192	188	199
14.016663	-4.962351	35.110100	192	171	164
3.690441	0.561264	31.791079	93	85	102
10.059969	2.534325	30.121393	103	103	115
13.003493	3.399872	39.667427	160	160	172
7.828217	-2.629077	20.329462	134	118	117
7.774116	1.740657	19.938053	117	117	130
11.232120	-3.692816	28.304415	137	120	119
5.601445	2.562090	29.516357	122	128	140
9.895989	2.900877	31.280212	52	51	66
4.694295	0.770300	48.341934	177	165	179
9.419615	2.518944	23.977730	129	129	142
9.145271	6.603677	28.472553	156	155	169
11.861620	9.672421	42.245739	162	165	182
3.833641	-4.676459	27.543736	84	101	136
12.764886	6.680117	28.975483	12	10	20
9.539302	6.537975	29.339901	73	72	89
9.002813	6.813960	31.039789	32	32	44
15.216805	-10.000834	42.875019	220	218	238
5.563837	-6.519139	37.326313	174	182	211
11.079600	6.202261	29.053249	39	38	44
7.492697	4.623408	36.100883	35	30	37
5.298843	6.381446	31.205481	64	64	81
13.174374	-8.030604	36.588982	115	114	127
5.727359	4.713895	23.439920	176	176	188
12.910861	4.893711	23.517071	35	30	32
12.909699	4.774536	23.266224	20	14	21
7.437365	7.379071	37.526951	150	152	168
4.926063	5.981563	30.583838	136	138	153
12.824708	4.748370	23.485907	51	40	33
5.007417	3.844199	26.245882	162	158	180
12.515944	-7.467224	35.222168	200	200	210
11.825444	5.323273	35.084721	107	106	120
4.784182	5.096208	34.217243	83	58	69
3.783213	3.493185	23.529524	200	193	183
10.292187	7.941817	42.395706	27	25	36
1.641968	0.197600	19.018242	52	39	47
3.666794	0.219663	28.719761	56	49	61
12.420750	6.036252	35.609035	144	146	162
6.144199	6.071288	35.740627	81	78	93
5.368713	4.270629	25.170183	65	62	77
8.308233	6.194653	25.516151	51	51	60
0.802399	1.915745	22.632254	123	116	128
6.273232	-9.088532	45.102585	204	205	230
6.031228	6.036388	29.050108	149	145	165
8.669058	6.122259	29.892481	81	81	89
10.959323	8.420291	41.631794	52	51	63
4.885626	6.852697	41.907837	78	74	85
8.544824	6.838103	32.043545	96	90	97
8.283407	7.244977	33.190308	74	75	93
5.149004	7.280916	44.586887	78	74	85
10.549582	2.668370	31.592472	103	103	115
1.742126	4.213193	49.733219	56	49	61
15.412730	8.544212	40.136349	52	52	54
5.119709	6.244936	30.949013	73	72	89
6.246706	6.299834	32.192978	162	164	180
4.883663	5.871618	30.161018	117	119	135
11.432309	8.855442	47.155914	21	19	30
7.354643	5.595589	35.590996	193	189	209
8.438909	5.019641	28.880693	127	129	145
5.645330	5.482040	36.661732	196	182	174
9.598928	-6.327972	27.240515	194	192	212
9.277296	4.502098	26.896183	144	146	162
5.252263	5.605019	37.523540	83	58	69
9.928202	7.198374	49.532692	77	75	85
9.775296	2.575413	24.992653	99	98	114
11.354060	3.294538	35.818657	133	132	147
6.509103	1.444608	16.651215	145	144	160
6.786707	3.047920	35.772804	122	128	140
9.528291	2.082970	24.362988	86	86	97
6.145413	5.604494	36.577679	162	157	158
6.879121	5.801449	26.254969	132	132	154
16.981882	8.432879	38.508068	64	61	70
11.233325	-4.017110	28.481054	201	180	176
4.596905	-5.456034	31.083204	170	178	206
1.504464	0.172915	15.410064	133	126	138
5.575584	-8.011277	39.884315	204	205	230
9.774225	4.425927	29.181763	107	106	120
8.398460	6.862215	34.045570	171	171	183
9.100857	5.603079	43.874054	50	44	51
8.419944	7.606156	38.784817	30	30	45
1.839527	0.503551	20.019655	110	95	105
12.660708	4.688015	37.828396	154	151	164
12.023928	-7.272687	33.191513	45	44	57
13.454559	10.885180	47.854229	159	162	180
10.075777	7.173808	31.109198	159	158	173
12.351731	-7.890422	37.431473	195	198	210
6.076852	6.133312	29.308945	146	142	162
11.445327	-5.812951	33.786316	173	171	181
10.971043	5.931978	31.108973	120	118	132
11.047893	8.044179	42.913914	132	130	140
5.462115	4.342454	23.138060	17	16	28
10.025296	-3.582609	25.370960	203	184	179
12.172768	-4.332197	31.270893	184	166	163
14.486971	-8.733821	41.308887	234	234	241
9.038599	7.115099	46.533318	192	187	214
14.197751	-9.297283	39.988560	220	218	238
11.117571	-6.676644	30.520235	25	24	37
6.386802	4.923031	31.021681	196	191	211
7.383375	6.653550	33.796562	17	21	34
10.646204	3.981856	31.919909	158	156	160
4.711345	4.744905	24.264128	169	171	187
6.957290	2.078354	21.965631	21	20	35
8.972436	2.016695	22.571049	145	144	160
11.218190	5.128537	33.218834	151	150	166
10.283485	8.168280	46.845226	47	45	58
13.687079	6.692161	39.455872	159	159	177
9.121967	2.461240	23.191126	141	140	156
4.252737	-4.975518	28.791851	174	182	211
8.124169	4.913058	38.500851	49	45	57
7.512777	7.347341	35.069565	167	163	183
10.328671	-6.583462	31.277557	218	219	230
7.140850	2.511328	22.543633	32	34	50
10.703544	-5.456698	31.625786	168	166	176
1.220247	0.339898	13.270501	101	88	98
11.735381	3.025957	36.284153	161	160	177
14.316191	-5.144163	36.258404	200	180	175
12.482576	-7.464985	34.249405	25	25	37
7.376785	5.963488	31.696846	18	16	28
6.458731	5.185692	29.539024	28	26	34
7.701937	5.736116	30.455381	107	105	115
13.724185	2.977520	34.305134	104	104	116
9.640452	2.634949	24.717731	105	105	118
4.232483	-6.354850	31.319456	218	220	246
12.627097	4.699770	37.866344	160	156	161
5.179654	3.173889	25.007730	42	38	49
0.922258	-5.688877	28.762342	147	144	171
7.589579	4.683773	28.795769	141	139	158
12.993165	4.270360	37.244392	46	46	59
10.073905	3.068196	25.170023	15	15	25
1.602737	0.457112	17.930157	113	98	106
13.519448	7.927340	45.399895	127	129	145
1.615207	0.167937	16.359671	133	126	138
6.683821	4.098185	25.318699	138	136	156
13.267896	6.331790	40.167767	141	143	160
3.224425	-3.747602	21.705116	189	197	225
11.894980	3.907650	38.101646	18	17	32
11.771436	3.062971	36.281933	161	160	177
14.826517	-5.435686	37.873024	147	136	140
4.786638	1.760804	33.827652	50	36	41
3.733900	-1.712475	27.440315	7	10	17
1.839399	0.180741	18.663042	133	126	138
7.349233	2.192919	18.533918	15	15	25
-3.676418	1.471339	25.220621	205	203	213
8.474462	-3.016904	21.752264	201	180	176
9.314947	2.307222	28.177435	85	85	97
9.802460	3.508590	29.657764	109	108	127
-0.196238	0.097889	15.147766	67	56	65
8.144500	3.391689	30.763432	24	26	40
0.845350	0.080307	10.354486	102	91	98
