7.571101	-2.459209	32.554745	19	20	38
13.754762	3.628283	30.273115	199	190	191
12.333931	3.091425	27.153158	208	197	197
4.671924	1.193927	37.344696	19	19	29
13.433292	3.589693	25.549259	199	198	203
4.088762	1.100443	36.863106	30	30	42
3.802959	1.196897	39.609871	7	7	19
5.051600	1.044182	37.360596	13	12	24
3.171815	0.756198	31.698280	238	236	245
-4.048885	-0.509114	47.227047	225	223	231
4.856314	-4.964084	40.949348	204	202	214
4.838645	-4.414758	36.297516	190	185	199
5.620094	-5.647056	48.843731	33	31	43
11.462409	-3.198463	35.503876	86	89	96
8.957161	-2.212821	36.372032	38	35	42
10.114985	-2.683091	30.572914	76	79	86
13.991049	2.173572	29.623585	193	184	183
4.522077	-4.111315	42.447140	44	33	38
4.329710	-4.093368	42.251465	69	56	56
14.918375	3.480355	32.150787	189	185	182
14.584265	1.674068	27.528465	191	193	191
-7.020645	2.569028	18.489309	93	86	92
-7.455629	2.571666	18.462334	114	107	107
13.007941	-2.636287	29.030510	174	157	163
-7.159667	2.591426	18.755524	74	66	71
7.522196	3.684013	29.180582	208	210	229
13.839750	3.313797	27.163910	190	189	192
15.261395	3.200837	29.717581	202	201	204
13.198557	2.428809	25.492065	182	182	184
13.833145	2.920548	29.921667	195	188	186
14.120719	-4.058980	31.806189	175	172	176
10.943904	-4.808757	37.008701	52	51	61
-6.344855	2.951948	18.561377	74	74	74
14.016560	2.488020	29.801264	167	163	165
14.276125	3.790867	28.607780	195	194	198
14.608007	1.962460	27.675301	193	195	192
13.881099	1.444103	28.854094	194	193	193
-7.518694	2.804145	18.355461	191	188	192
-6.821820	2.760232	18.305037	196	194	199
14.438622	1.271769	27.259180	195	194	197
13.973473	1.030704	28.689276	202	197	199
3.944403	1.176263	36.905579	33	33	45
8.179775	-2.698666	34.961773	46	40	53
10.532658	-2.734931	32.385342	199	199	207
2.836691	1.553927	37.046535	10	7	16
8.550438	-2.466409	33.159237	51	44	58
2.981657	7.104774	37.096561	31	23	32
10.683877	-4.327342	43.929531	15	3	14
-5.392812	-9.881451	35.462193	173	188	184
12.250034	-2.196977	32.188885	23	21	29
9.994548	-3.064225	40.008171	47	45	54
8.547856	2.381105	28.098141	142	139	148
-0.055669	-1.416031	33.792431	67	39	9
17.861889	-2.790615	35.485523	150	150	160
15.127679	-3.972716	32.719639	167	163	172
-18.927608	-4.600807	49.453743	33	25	26
0.544419	-2.545735	44.337734	23	19	28
-8.321666	3.497103	18.085764	50	48	47
-0.424414	-2.543734	44.267643	24	20	31
2.698908	6.420430	33.629070	31	23	32
-21.822704	-6.656659	41.435455	40	33	33
-7.475364	3.579640	21.837343	74	74	74
1.547023	-4.714372	46.709099	71	66	82
-7.491518	2.764581	18.228746	221	218	222
-7.353828	2.979479	19.649534	140	139	143
-8.712094	3.098282	21.462603	114	107	107
-7.313515	2.675896	19.259535	144	138	142
14.112998	3.665327	26.826887	187	186	189
13.358195	3.528462	26.830133	199	198	201
8.021934	3.933419	31.116682	209	211	228
12.954979	3.071077	25.555346	194	193	196
13.091048	3.426179	28.831161	188	176	178
13.563028	2.854908	26.601961	204	203	206
8.814762	-2.168323	35.834633	43	40	46
13.364245	1.628529	27.963408	95	91	89
13.720371	2.527364	26.535332	200	199	202
15.411229	3.253604	33.134811	163	156	154
3.963976	-4.013034	36.021206	159	157	169
9.309807	2.613171	30.656113	158	156	159
14.364527	2.275055	27.625967	196	198	195
14.324309	2.529374	30.454391	91	85	85
13.229424	2.044700	28.104437	158	147	145
14.525359	1.936224	27.553072	188	190	185
14.420329	1.656781	27.357935	197	197	192
-17.253052	-1.089368	34.452164	136	137	141
13.385272	1.420523	27.868567	175	172	170
4.941098	1.005092	36.408722	43	40	52
14.267280	1.245270	27.073576	200	197	201
11.588220	-5.097529	39.171097	36	33	44
-3.527480	-0.542425	42.089466	193	188	199
3.746333	1.173861	38.960011	7	7	19
4.787015	-4.392647	36.294720	207	203	216
14.182316	1.111886	29.203251	184	176	179
12.876035	-3.686611	29.020636	192	191	192
11.376612	-2.789140	34.463715	156	156	164
3.950752	0.993793	32.201778	18	18	30
3.729934	1.088817	34.770836	33	33	45
4.173676	-4.310593	35.586391	204	202	214
13.001743	-2.645881	29.004066	174	157	163
2.909668	1.606732	38.153923	77	73	84
11.027490	-2.743733	39.615284	191	189	197
-6.307232	-12.097642	40.156151	166	192	167
16.618452	-1.787483	31.457399	146	149	155
-8.236386	3.455133	17.885645	94	92	90
2.864915	6.818942	35.713646	101	93	97
-6.393727	3.076567	18.764494	66	65	66
-7.530037	2.781687	18.331297	221	218	222
-6.795990	2.711566	18.191185	140	139	143
-7.434246	2.577641	18.345114	175	168	168
-6.939072	2.476501	18.023344	56	48	53
14.809629	3.861925	28.170752	121	120	123
13.598033	3.587856	27.391272	198	197	200
7.980733	3.908079	31.044067	184	187	206
13.921811	3.272553	27.403614	188	187	190
12.851678	3.297821	28.256330	188	176	178
13.796227	2.926730	27.161547	202	201	204
12.051861	2.547259	26.210394	168	161	159
14.887568	2.741474	28.779686	189	188	191
8.523297	2.391881	28.280649	183	182	185
13.868564	2.191114	26.851357	198	200	197
12.088773	2.088382	25.736526	167	164	169
13.295172	2.033433	28.213034	158	147	145
14.938812	1.962457	28.408760	157	159	154
14.005848	1.517587	29.275206	103	98	96
14.675994	1.277628	27.918919	203	200	204
14.219871	1.089994	29.193317	184	176	179
5.531941	1.468083	45.786461	26	26	38
3.819811	1.082488	35.275875	39	39	51
3.633703	1.225594	39.216095	10	10	22
5.046111	1.062274	37.398903	13	12	24
3.957657	0.992269	39.035454	163	160	175
13.454838	-4.259855	30.585812	123	119	126
15.886822	-10.058082	48.388153	128	122	131
-20.651171	-1.268971	41.297134	127	129	131
-1.288541	-12.027512	47.119480	210	208	238
13.743646	-3.869669	31.029257	171	171	171
-19.753292	-2.049204	39.982136	200	194	199
6.115332	-5.563586	46.577526	209	205	218
16.955013	-1.849429	32.067856	115	118	125
6.562685	-5.291161	47.835815	131	128	138
3.694004	-3.741394	33.717419	159	157	169
9.768679	-2.431882	35.088455	198	196	204
10.927753	-4.852746	36.891895	34	33	43
2.653568	-2.666439	26.165424	55	49	52
7.308862	-5.915856	47.254097	21	9	23
-0.045302	-2.086337	49.410378	72	56	52
12.881655	1.658310	27.266964	45	38	35
4.170208	-4.222033	37.915451	159	157	169
-15.508912	-0.936736	31.054646	139	143	147
-8.730431	3.636309	18.956972	72	70	71
-5.862192	2.713641	17.123970	64	64	64
14.089513	3.013780	27.771629	201	200	203
-7.798869	2.874819	18.926502	220	217	221
-7.324644	2.933392	19.644468	216	213	217
-7.165665	2.474114	17.778290	114	107	107
9.792632	2.832299	32.814774	199	201	204
16.012737	1.776693	33.143532	175	172	170
-6.733913	2.365167	17.458937	56	48	53
13.196252	0.989912	27.137011	195	189	191
14.158051	3.728631	28.509840	204	203	206
12.954322	-4.112728	29.434263	123	119	126
3.094255	0.971521	33.894756	66	66	78
0.638292	-6.526164	46.197395	127	123	134
12.811965	3.283079	28.136414	208	197	197
11.894453	2.494399	25.781864	202	197	194
4.543215	-3.738415	33.224297	135	131	142
-21.081001	-2.194791	42.548191	200	194	199
7.661912	3.681540	29.738049	182	185	200
-1.910545	-9.982799	43.605927	172	169	206
13.575393	-3.007069	30.560974	209	206	213
-6.383456	3.432639	18.289225	38	38	46
3.307039	-3.321310	32.487846	60	59	64
-8.206200	3.419054	17.850683	60	58	59
0.460016	-2.675381	42.798523	20	18	26
2.812166	6.499717	33.873508	19	11	24
-6.182373	2.943808	17.995562	59	58	61
6.052557	-5.671370	47.834316	212	209	222
-6.962135	2.530831	16.939472	221	218	222
6.883792	-5.441366	49.447239	131	128	138
2.136672	-5.904726	42.157551	136	134	146
-23.521694	-3.838272	48.088905	43	38	35
13.708143	1.073555	27.912600	211	205	210
13.315228	1.782199	28.063158	36	30	27
13.464895	2.159517	28.372114	207	203	204
9.562940	2.884497	32.285339	208	213	214
12.191245	2.575515	26.198307	211	207	207
-7.161353	2.874654	19.244415	216	213	217
12.051082	3.032820	26.365765	206	199	197
-6.138446	2.151059	15.897764	23	15	22
-7.201536	2.477080	17.836727	114	107	107
-7.467322	2.655713	18.866116	28	21	22
11.152670	1.187276	23.113817	206	206	206
12.996180	-4.058440	29.282055	58	54	62
2.850333	-3.447396	34.129681	20	21	27
-1.099369	-9.548330	41.065517	188	196	230
13.307488	-5.936336	42.544006	30	27	44
13.142710	-3.607735	29.605940	205	204	208
-6.275102	3.384133	18.026125	37	37	45
7.099145	-6.105485	48.110771	139	130	143
-23.678101	-4.235160	47.998898	203	179	163
4.613764	-5.237883	47.513515	179	170	185
-5.785243	2.770116	16.898380	63	63	66
-7.895861	2.916984	19.029148	219	216	220
-7.271338	2.900790	19.503180	216	213	217
0.283459	-2.447931	37.571934	19	20	25
-19.780695	-3.248847	40.386711	48	44	40
15.941549	-4.525696	34.168388	113	110	114
1.824031	-2.143305	19.231447	75	69	81
2.140130	-3.897286	36.998981	9	12	19
11.293336	-7.144224	34.353558	172	165	175
11.134273	-4.958919	36.045311	48	45	60
10.348198	-4.392489	35.836826	126	124	134
0.057539	3.919971	41.133728	93	84	80
0.050456	4.376250	45.873947	85	76	72
13.438528	-6.004322	43.846409	62	58	77
1.985572	-3.432025	32.571129	4	4	12
0.788790	1.418608	41.219749	39	31	37
7.842807	2.430217	27.223225	166	170	177
7.502934	-2.763520	26.055105	218	216	222
0.999055	-2.962007	27.091106	28	21	37
1.089288	-6.378476	45.631554	162	159	174
11.531823	-5.216179	37.294376	35	32	49
1.057407	0.518430	34.970821	199	192	190
2.103160	-3.133080	28.755106	12	17	23
3.318566	-2.427209	23.624853	197	189	197
0.057466	3.497869	39.771042	71	66	63
