11.851222	-6.686219	21.246191	199	161	112
6.014154	5.413734	22.983723	58	58	55
10.128491	-2.448578	25.513830	144	144	154
12.117091	-6.704490	21.787024	173	159	160
12.177250	-6.614700	21.498808	51	29	15
11.184230	-6.876644	22.507784	33	25	28
7.499593	1.943449	24.279259	30	38	65
9.700328	1.970648	21.956455	168	165	179
12.373260	-4.290706	32.624508	147	145	157
8.374256	-7.366181	24.554350	64	60	69
9.944624	1.988326	21.608177	167	165	178
11.170392	-6.459023	21.520735	117	113	121
4.979210	-9.361824	32.566135	171	167	175
4.333230	-8.080753	28.204979	145	142	151
9.371090	-2.847066	23.137354	141	141	138
9.997945	6.200841	22.428766	89	86	85
6.598338	-0.787654	25.708485	139	134	131
5.982252	-7.559723	25.847139	61	54	56
6.178967	-0.838526	24.056692	26	21	23
8.832178	-2.972020	23.727411	70	69	81
9.435345	-2.603128	21.248005	43	41	51
6.985062	2.634877	26.694441	7	5	18
9.447701	-2.920291	22.977396	27	26	31
5.704605	-1.113928	26.118414	25	20	19
5.103601	-9.014234	31.930019	27	23	32
9.971319	-2.683512	21.873371	182	180	193
4.877619	4.841166	28.397364	30	23	21
9.155999	-3.012813	23.313532	24	24	22
7.118382	-2.226480	29.472816	111	111	121
8.396299	-2.710202	22.426577	155	156	162
6.355874	2.480083	24.864456	12	12	17
10.750628	5.936577	22.960176	49	44	46
5.110877	4.351255	30.859066	38	29	15
7.272301	-3.470695	28.867441	150	149	157
10.213139	-1.888199	22.487762	131	132	141
8.010674	-3.250135	24.331957	128	130	139
10.134332	5.529387	21.738136	75	70	69
8.631307	-1.977123	23.168110	148	149	159
10.999469	-2.586681	29.575945	71	71	81
5.586928	-3.508344	25.991964	158	151	151
9.557041	-2.159705	23.362242	123	123	133
6.912536	-4.875190	34.872231	122	107	106
9.953925	-2.570775	22.421318	151	150	154
8.537602	-2.166538	23.169975	21	21	31
8.710477	-3.593418	25.668587	97	100	107
4.448609	3.604844	27.538721	50	41	34
8.739639	-2.252133	24.284081	178	178	188
8.759505	-5.892229	25.305729	148	144	149
6.440590	5.372514	26.473339	130	128	129
5.119399	-6.755144	29.751148	18	12	11
6.773662	5.599653	26.507219	113	113	113
11.057000	-2.518287	23.384922	43	39	48
10.497550	-2.087104	21.739841	58	58	68
10.593363	-2.305037	23.867273	142	147	154
6.326751	2.639801	24.950811	159	141	136
5.187948	-6.405196	29.807926	61	54	60
9.570825	-2.246641	23.279041	42	42	52
9.587174	-2.334456	23.897816	159	159	168
5.083205	-4.782514	24.841379	50	51	56
5.867036	-5.753492	29.872620	71	70	75
6.515171	-5.161402	27.432844	172	177	171
8.273158	-2.281282	23.360580	50	50	58
7.382987	-2.785641	25.968206	37	36	46
10.522306	2.693641	20.998343	43	41	51
9.419288	-2.404351	24.094362	53	52	61
9.637026	-2.622759	26.166502	143	142	151
9.254071	-2.724285	26.606855	160	160	168
10.160099	-2.414360	22.871794	180	177	181
10.454257	-2.408266	23.246180	140	137	141
5.189281	-4.430364	25.838137	47	47	47
5.401670	-4.885749	27.770397	177	175	176
5.860947	5.403318	22.615923	73	73	70
6.046450	4.885811	24.435972	27	24	28
7.802714	-0.851685	23.853506	141	137	139
8.416763	-3.566283	24.618746	17	20	27
9.657504	1.739036	21.859247	160	153	163
8.163274	-3.280080	24.192999	55	58	65
5.915516	-7.596328	25.988985	97	90	88
11.652845	-6.744321	22.441488	89	85	93
8.223882	-7.244308	24.159866	64	60	69
10.629700	5.869413	22.701822	49	44	46
6.536894	6.203503	25.962498	82	80	78
6.222949	5.675126	23.987968	93	93	90
5.189294	-4.430374	25.838194	47	47	47
4.737848	-3.327769	23.877106	48	44	43
5.521663	-4.852570	28.218851	95	93	94
5.395851	5.355394	31.570492	25	18	16
9.295470	-2.148139	20.628136	70	67	71
5.063664	4.420033	30.953932	36	26	16
4.862364	-8.611548	30.535412	27	23	32
6.230691	-4.436040	31.507174	100	93	91
10.947964	2.826069	21.902088	71	69	80
5.534185	-3.508627	25.993917	167	159	159
7.947524	-3.231782	24.235657	102	103	111
7.172781	1.882483	23.446503	20	29	61
9.333186	-3.082727	23.795158	20	18	19
6.885294	-0.939996	26.812567	59	54	54
9.061430	-3.073395	24.162733	67	67	77
9.639779	-2.972165	23.403660	27	26	31
9.321382	-2.842446	23.064793	150	150	147
4.807629	-6.388819	28.033073	15	10	9
9.988374	-2.769316	22.502413	106	104	113
5.827879	-1.140321	26.798483	54	49	48
8.544209	-3.379971	27.478380	24	27	34
10.323491	-1.854977	22.172878	18	18	26
10.172784	-1.879581	22.441992	131	134	143
8.569238	-5.705658	24.653564	148	144	149
10.928592	-5.220248	21.993017	111	90	82
7.024662	-2.433756	27.041231	54	54	62
9.096481	-2.285925	24.583788	43	43	53
8.878309	-2.309556	24.818714	155	155	165
7.150498	-3.427229	28.380806	136	135	143
9.441772	-2.193587	23.364536	159	159	169
11.128133	-2.215815	23.052704	49	47	57
9.364643	-2.032612	21.229986	142	147	154
9.543648	-2.233134	23.193007	42	42	52
4.877899	-6.052584	28.055386	59	51	57
8.816412	-2.430913	24.815458	69	69	78
9.398119	-2.416526	24.115988	70	67	75
9.027488	-2.464180	24.559427	135	133	141
5.565268	-5.442964	28.073769	63	62	67
5.005001	-4.732623	24.666910	40	42	47
6.505301	-5.169085	27.415195	182	187	181
8.285853	-3.130306	29.148405	34	29	38
6.368828	-1.009770	26.858185	52	47	49
10.139537	-2.505029	22.846153	196	193	197
5.776560	-0.635475	22.465935	152	147	145
6.521555	2.715096	25.720957	88	85	80
6.552415	5.466000	26.933039	124	122	123
4.998143	-4.554050	25.828217	183	181	183
9.931910	5.882474	21.447605	107	107	104
7.102718	-0.802931	27.627405	131	126	123
8.532075	-1.952950	22.900663	148	149	159
7.644055	-0.832591	23.488773	146	142	144
7.968166	-2.324360	23.222792	169	168	176
5.848920	4.745778	23.642406	27	24	28
10.289579	1.831153	23.294476	168	162	172
5.674968	-5.449550	29.208281	162	161	166
8.438112	-1.535798	32.372154	49	48	57
9.094563	-2.847573	24.252636	59	58	61
9.940358	-5.170924	21.420620	164	154	155
6.343930	-6.314365	28.158146	142	139	138
11.858974	-3.757569	31.461927	102	96	104
9.439815	5.221418	20.369345	71	66	68
8.499116	-0.923575	26.114565	145	143	145
4.189003	-7.465553	26.612135	30	26	35
9.650996	-2.586020	21.163523	182	180	193
9.838012	-2.704535	22.211422	51	49	59
6.261978	5.755747	24.156239	96	96	93
10.118136	-1.870213	22.397446	123	126	134
10.377798	-1.947406	21.830896	119	117	127
8.883503	-2.274505	24.833462	159	159	169
8.676144	-3.481280	27.949461	19	22	29
11.425169	-2.740184	21.990627	156	150	156
8.456182	-5.627171	24.324841	161	154	158
10.797589	-4.999093	21.737843	164	139	133
6.808787	-2.406864	26.149389	34	34	43
10.418929	-2.057509	21.648405	45	43	53
9.670075	-2.955635	23.365702	25	23	31
11.043735	-2.425245	24.919279	151	156	163
4.917899	-6.476577	28.525867	15	10	9
10.367758	-2.406996	25.087778	61	61	70
5.526533	-5.936641	26.698307	115	109	116
4.498429	4.601552	27.095709	25	18	15
9.495302	-2.988995	23.616808	142	142	139
6.066227	-7.530221	34.559933	87	81	83
9.460466	-2.066871	20.533176	21	18	24
9.355153	-2.226875	23.295820	159	159	168
4.250311	3.810444	26.542458	37	27	17
5.720964	-5.272357	26.887167	133	134	138
5.450274	-5.346124	27.522118	78	76	81
5.205716	-4.934529	25.778286	65	68	72
6.006246	-4.833601	25.636986	182	187	181
9.255047	-3.096343	23.895470	20	21	22
8.839079	-2.992826	23.383778	99	101	109
9.922768	-2.745231	27.937263	118	118	127
10.614729	-3.119997	23.813995	97	95	105
7.852901	-1.114046	30.188951	57	53	53
4.985340	-4.566391	25.827065	183	181	183
5.624598	-4.933322	28.753014	95	93	94
10.742493	-2.854434	28.667173	134	131	140
5.787653	-1.140349	26.795258	82	77	75
8.192353	-3.313030	24.951397	102	103	111
5.472779	-3.459728	26.006468	179	167	168
10.768142	-2.601130	24.300880	198	195	199
6.031124	-0.673571	23.466448	144	139	136
10.270318	-2.333303	22.713680	52	49	53
5.081645	-6.472241	28.504341	13	8	10
6.917100	1.847304	22.719803	17	28	60
5.675279	-4.048336	29.032938	101	91	90
7.259381	-2.753128	25.827757	56	51	61
8.087628	-3.469666	23.810364	29	32	39
10.006689	-3.130720	26.453283	59	58	61
9.967211	2.039927	22.654980	165	162	178
11.104654	2.877004	22.214880	71	69	80
7.696666	-1.070289	17.036716	102	105	114
5.950115	5.074719	24.821470	124	122	123
6.639758	2.597703	26.097115	55	55	59
8.416058	-1.924689	22.587984	148	149	159
7.509384	-1.095327	28.717928	34	32	36
9.388792	-2.333464	23.594013	107	104	111
6.163812	5.644275	24.354645	140	140	137
14.768480	-2.746249	31.053587	20	20	26
10.417289	-2.399084	23.069969	108	105	109
8.955665	-3.414366	31.760294	35	25	36
8.250710	-5.573603	23.861446	148	143	148
10.008415	-2.461195	22.542089	145	142	146
11.854494	-5.492630	23.868595	119	101	102
5.129354	-6.804033	29.780130	15	10	9
5.239881	-6.500008	29.821564	72	65	67
4.297739	4.430753	26.181204	43	36	34
6.375822	-5.856878	29.732849	133	134	138
5.277032	-5.066865	26.292437	50	49	54
6.077726	-4.947927	26.145733	185	189	183
10.216582	-1.912674	22.649801	56	60	66
5.154056	4.565324	31.948481	38	27	20
11.307579	-3.110446	25.448421	25	23	32
12.209558	-2.923216	23.497663	169	163	170
5.920468	-5.189938	30.103434	124	122	123
7.991135	-3.245938	25.778694	19	22	29
9.643255	-3.094375	23.986378	107	107	104
7.985833	-1.938359	22.019886	143	143	153
10.499387	-1.936914	22.063747	119	117	127
5.987504	-4.290289	30.462814	100	93	91
10.577198	-1.526380	23.427612	172	174	183
9.529104	-2.479050	24.571579	78	76	83
11.540899	-3.324627	24.415808	50	49	52
9.293691	-2.511572	24.872885	131	128	136
7.659113	-0.802811	23.634340	152	147	145
9.480770	-2.921550	23.005211	49	48	54
10.125352	-2.722637	22.099874	179	177	189
9.287596	-2.919291	24.620808	108	109	114
10.023283	-5.258296	21.633850	172	162	163
11.614603	-2.680327	23.041838	183	183	195
6.277393	-5.560983	27.550560	65	66	69
6.741868	1.746388	22.273230	31	43	81
6.947970	-2.521326	26.686783	46	47	52
6.042297	-5.916969	25.969358	89	86	94
8.312221	-3.281236	24.143845	107	110	117
11.361778	-2.534563	25.985905	152	158	164
8.676295	-2.058357	23.573690	74	74	84
8.984702	-6.038221	25.585363	168	161	162
11.592980	-5.336610	23.245821	144	122	121
4.533559	4.093193	28.356819	38	27	20
6.586543	-1.273509	30.067575	82	77	75
5.427462	-5.804312	25.809504	157	149	157
5.965857	-1.158273	25.252186	17	15	14
9.987574	-1.420911	21.083212	165	170	178
5.017198	-6.198153	28.294687	72	66	70
14.095566	-2.227085	29.586418	89	89	99
5.615801	-5.607305	28.310287	76	73	79
5.742903	-5.279023	26.787348	139	140	143
11.155573	-2.046621	24.633936	161	164	173
4.532280	-3.880679	22.911247	89	89	89
10.993357	-2.244776	23.007370	79	77	87
9.838640	-2.211379	22.512758	98	97	105
9.126620	-2.289825	22.941626	111	109	115
11.396069	-2.470564	24.198381	64	60	70
5.690073	-4.117780	28.722118	86	80	80
6.854874	-2.570592	24.576857	34	29	38
10.927836	-2.670259	24.590950	198	195	199
10.866093	-2.966033	24.451124	25	23	32
8.645598	-3.491225	27.649675	19	22	29
10.655651	-2.846893	23.124475	177	175	187
7.316268	6.237248	29.895107	122	120	121
9.581793	-2.975838	24.935869	114	115	118
7.625517	6.061091	29.620346	32	29	33
9.102439	-2.928310	22.634579	117	117	114
6.637672	-0.733621	25.364038	154	149	146
5.834264	-3.196641	28.918842	113	107	107
7.961952	-0.812092	24.789165	152	148	142
5.253263	-6.076665	28.280256	128	123	132
8.413123	-2.368854	23.676172	95	95	103
8.711239	-2.338712	23.396442	131	128	136
8.992361	-2.306556	23.097418	70	67	75
6.491138	-2.280879	24.786095	25	25	36
6.189543	-2.287038	24.842653	91	88	92
4.568521	-4.548963	20.389267	99	95	103
9.862543	-5.151496	21.269327	164	154	155
5.570277	-5.585960	28.323328	86	83	89
6.164324	6.255852	37.170750	54	48	42
5.606183	-4.761971	28.527843	97	95	96
4.225154	3.883317	27.146433	60	48	38
5.636127	-4.210223	28.693466	103	98	97
9.100374	-3.930338	26.839844	20	21	29
6.458439	-0.729238	24.596258	155	150	149
10.676190	-3.090813	22.430317	27	27	27
5.953691	-3.792907	28.824951	209	188	185
9.453856	-3.499269	26.681126	144	147	158
6.945725	-1.368132	29.962782	16	11	10
8.553475	-3.502062	27.731796	16	18	25
7.361060	-3.470737	28.591516	105	104	112
5.773929	-1.583759	24.341455	78	78	87
8.396714	-2.579332	21.828941	76	75	78
5.850666	-3.236390	29.052580	128	120	120
7.925682	-3.028277	28.529375	35	25	36
8.194564	-2.309675	23.113611	95	95	103
8.717678	-2.258245	22.636566	78	76	83
7.197115	-2.651938	29.115791	77	71	77
8.401839	-2.067518	23.037872	107	107	117
9.502243	-1.780943	20.616739	27	26	31
11.457084	-1.788325	24.037008	163	166	175
11.092385	-1.983061	24.868023	171	173	182
4.730309	-5.334259	25.505236	134	132	140
8.298326	-0.872947	25.856974	148	144	141
5.775225	-4.838006	25.387857	186	189	183
5.029917	-4.249729	25.554026	75	73	74
6.474971	-5.943357	31.997044	180	182	184
4.718919	-0.947546	21.351692	19	14	13
7.664442	-1.605075	34.767319	79	74	71
9.635894	-2.785883	20.242323	13	13	13
5.210385	-3.341142	25.701025	207	184	181
6.603706	-3.019667	25.629322	172	170	178
5.038761	-3.794567	25.613102	74	72	71
9.897824	-1.595353	20.791859	166	169	178
10.122655	-1.845022	22.950596	173	173	183
6.380425	-2.119783	26.010107	90	84	89
8.168079	-3.200644	24.671896	147	148	160
4.638649	4.362593	30.196115	46	35	28
7.689168	-3.103467	25.079605	16	19	26
10.266582	-3.796607	28.971661	168	170	181
6.720124	-3.755002	33.240833	149	139	138
8.722437	-2.434762	24.539160	71	71	79
-3.671293	1.390767	15.480454	167	164	165
10.516509	-1.474701	32.406147	59	59	71
7.158025	-4.612704	34.786827	212	188	185
6.811446	-2.623369	25.709290	23	24	30
9.956676	-2.444653	22.918749	190	187	191
8.578157	-3.179031	24.294752	141	142	154
6.592098	-3.169150	25.581923	20	20	28
6.863780	-2.078678	25.913631	159	158	173
9.892198	-1.569463	22.451860	172	173	183
7.721690	-3.273530	24.984428	17	17	25
8.906409	-0.908360	25.239889	158	150	149
9.201557	-3.084849	23.606806	69	67	70
9.771972	-2.190979	23.318571	27	27	37
