-0.312139	1.424492	37.214836	20	7	4
6.926926	0.795108	17.032280	208	208	216
0.675644	-10.732460	41.329529	171	170	175
0.688178	-11.882929	42.300861	174	173	178
1.134891	-0.633846	42.807346	174	164	165
5.699320	0.744220	16.699553	141	138	144
7.313864	-7.198089	23.085344	157	157	167
-3.772237	-10.264783	42.863602	182	175	183
3.890047	1.430940	23.578127	194	192	198
4.625349	6.982727	31.378017	201	194	203
1.634960	-7.580374	40.131706	41	8	0
12.845037	-2.078917	28.968569	184	202	235
7.241764	2.660696	43.626358	175	174	177
2.544972	6.247337	25.513622	28	25	34
4.314191	-12.334201	45.902966	30	30	39
-1.088811	-10.092865	48.297455	60	22	1
6.581185	1.279718	16.966803	199	187	192
7.318478	-6.065307	25.960733	170	172	186
21.118814	-13.026148	49.641804	238	239	241
4.450007	0.253636	14.070383	183	178	188
3.640114	5.510710	24.776171	45	34	29
2.030851	5.311501	23.907608	26	29	38
7.669299	0.789856	18.570513	43	43	51
8.692342	-4.578949	24.020578	15	13	18
4.082953	-10.792576	41.569111	196	200	204
-3.518631	-9.114675	35.780777	168	162	185
15.508579	-6.216191	41.050961	146	149	158
5.919313	2.593985	34.545906	29	26	31
23.746014	-10.025892	43.967884	237	232	218
6.146883	2.501796	34.260845	155	153	154
-3.695690	-2.260933	18.448250	216	224	221
6.244925	1.313463	32.434624	193	191	198
-3.648071	-2.277769	18.753187	216	218	218
12.752349	-1.485860	42.193024	202	224	189
3.476898	5.161579	24.321941	178	181	192
3.840002	-14.090855	49.456917	165	165	175
3.693901	5.541104	26.628572	28	26	36
19.050041	-11.295572	44.585323	235	231	235
11.563671	-2.915955	24.611368	50	53	64
14.856241	-6.101932	39.752621	122	122	132
5.346284	2.447257	34.440922	201	194	206
4.709126	3.818461	32.874588	110	108	114
-0.384907	1.267315	37.035412	150	140	141
5.234846	1.796966	32.856071	138	137	140
17.197021	-4.853022	47.265915	169	170	178
11.976758	-1.755644	40.438751	60	74	71
14.110300	-1.523802	43.627426	190	217	181
15.213607	-5.866804	40.925385	121	119	129
10.390876	0.925758	38.488300	179	170	180
3.705305	1.069124	35.714607	193	185	193
14.673518	-6.988577	38.440155	157	151	163
16.822327	-5.533719	44.995060	143	141	149
4.724310	3.644006	32.519409	128	127	132
9.084908	0.981436	17.850616	127	130	145
20.140411	-8.146582	42.263836	62	34	38
9.648883	-4.481750	26.946678	146	144	158
14.028577	-2.001351	47.455761	63	73	77
5.748884	0.738084	16.892927	89	87	92
3.374750	5.019323	23.660706	86	87	97
6.483416	-7.297922	44.262901	14	10	20
4.446101	0.271535	14.110599	193	184	196
23.678133	-10.243479	44.959938	193	193	190
25.911919	-10.952247	48.080929	229	229	214
3.827414	-4.046804	24.962595	82	78	91
5.449551	4.289951	37.414894	128	127	132
18.696632	-8.902514	48.992722	63	54	66
15.015301	-1.724366	49.571472	192	217	178
7.171899	0.820695	17.670755	221	221	229
0.404612	0.156404	35.743088	77	67	68
0.798443	-14.471988	49.075535	149	148	151
18.682735	-11.104646	43.832264	204	200	205
0.873869	-0.511637	33.536476	174	162	164
6.487288	1.270188	16.778324	205	193	201
6.981188	1.469644	18.006680	221	206	210
6.290756	2.580570	35.269459	74	71	74
2.598960	6.398888	26.128185	16	15	23
7.902350	3.496433	46.268364	17	14	19
-4.680816	-11.975431	47.219048	168	162	185
1.274594	-11.816793	48.957489	73	73	79
2.046450	5.417058	24.340040	87	91	100
-3.974592	-10.709184	44.571568	173	166	176
-3.627674	-2.256134	18.600943	213	214	217
1.925194	-8.146035	41.968315	163	125	73
12.300241	-3.093511	26.198500	88	91	102
6.531377	1.395659	33.649803	204	202	211
-1.781615	-0.897743	44.135288	26	14	16
7.386139	2.708481	44.500912	37	36	39
17.393017	-11.011773	45.878357	118	118	130
10.197362	-1.675950	23.125345	184	202	235
-0.474981	-7.485200	36.263966	74	48	17
22.481054	-9.025222	43.291458	71	38	10
3.057087	-8.148190	31.369392	198	201	206
1.497164	-11.449378	48.410313	73	69	72
3.943180	6.077045	29.149773	74	72	80
2.992249	-10.983137	42.705070	171	169	179
10.617502	-3.024878	28.057632	131	129	139
-8.375214	-0.762182	15.412932	181	175	180
4.964813	4.528219	34.729870	167	163	172
-3.411883	-2.119359	17.500570	216	218	220
9.476480	1.376825	34.187290	102	89	96
6.277904	1.292246	32.251545	153	150	157
-4.212531	-11.279993	46.761696	173	166	176
3.300584	5.113345	23.262913	16	15	15
6.155183	0.781544	18.104765	131	130	135
3.499899	-13.277217	46.846146	84	84	94
3.798301	-12.445931	43.913738	192	192	202
2.211370	5.767650	25.925819	42	44	52
7.873600	0.904541	19.416700	220	220	228
5.951206	0.533088	22.164511	89	79	83
22.980276	-9.304717	44.227455	74	34	10
1.196355	-11.156017	46.122467	39	38	44
6.959578	1.371106	18.042578	168	160	168
3.639956	5.648862	27.114206	32	30	38
13.004325	-2.125309	29.533127	208	223	246
5.171984	1.190467	21.698917	132	117	107
3.909234	-10.986866	43.710915	42	47	51
15.442724	-7.694984	40.466557	124	89	111
6.853424	-4.823989	23.987165	165	167	177
12.890704	-7.458199	33.549583	187	185	197
2.108836	-8.987568	46.210514	195	159	87
9.267604	1.275861	18.173708	69	69	85
0.502501	0.188910	39.639553	159	149	150
13.697301	-7.183465	37.467224	28	26	32
3.914490	-11.389820	42.365459	101	100	108
17.931772	-10.715705	42.172813	204	200	205
5.650915	8.737494	39.735798	188	189	202
16.038847	-1.728675	49.689705	184	215	171
1.164494	-0.519721	49.040108	171	158	155
11.624239	-1.050326	38.145973	58	52	51
3.990424	-10.886934	41.855469	200	200	205
3.421634	-12.398766	47.672676	197	195	205
-1.648112	-0.878823	41.306828	26	14	16
8.911290	0.977093	17.580963	175	174	186
5.724197	2.100019	34.570934	112	111	114
-2.454986	-2.414040	49.813347	105	98	98
11.599607	1.251247	38.353756	157	149	162
1.060416	-0.469538	46.059715	171	158	155
12.851156	-3.233403	27.421181	162	164	178
3.763959	5.812961	26.429770	16	17	20
-1.507019	-0.880548	38.312637	13	3	4
9.397121	-7.763664	33.390190	149	148	163
-3.768153	-2.325094	18.910200	207	216	212
8.903837	-1.543961	20.253597	209	223	244
5.106657	0.595930	14.975433	131	130	135
7.116581	0.798332	17.223972	31	31	39
2.504181	-6.929301	26.590324	189	188	193
15.582597	-7.793602	40.924522	123	87	109
0.091979	0.022789	48.556522	106	94	96
9.690673	-1.150767	30.315758	189	223	171
0.476050	0.042234	35.817940	162	152	153
8.304744	-1.284736	28.453859	66	74	82
13.641712	-7.884676	35.522110	187	185	197
1.422015	-9.001114	34.552498	104	103	106
5.290983	1.067178	26.912497	204	202	211
4.349926	-5.915340	22.108572	69	74	82
14.744515	-8.684049	37.370930	159	159	169
8.147141	1.122468	15.978596	35	38	55
5.877877	-9.650739	40.906433	155	154	159
1.583411	-8.213125	43.120125	57	25	10
6.244105	9.597066	43.595341	203	203	218
5.611385	0.468774	20.768551	70	58	62
0.634695	1.524022	38.261780	83	73	77
2.506334	2.017053	17.277655	54	50	59
9.593516	-2.256444	20.077934	16	17	29
10.807787	-3.164202	30.120300	151	151	158
6.888824	0.372494	20.920540	27	25	33
0.699475	0.039116	44.323250	165	153	155
7.181602	0.814121	17.294582	33	33	41
16.482414	-8.518198	44.833317	35	21	34
0.320215	-0.264911	1.133012	172	197	205
8.199269	-6.759460	29.099066	149	148	163
-1.832759	-1.133134	46.999069	15	5	6
7.130303	0.835587	17.780329	221	221	229
15.425421	-7.891828	43.444794	196	193	197
-3.877824	-2.426246	19.363997	183	194	190
0.141719	0.043282	45.273502	60	48	50
10.884964	-3.957077	24.776646	40	37	43
17.860506	-10.384564	46.462452	186	184	196
4.030628	-2.059877	11.375402	144	141	145
1.515507	-7.822425	41.132179	57	25	10
10.215252	-7.097561	29.500732	18	22	26
2.273723	1.826941	15.633957	143	139	148
12.607388	-9.166745	43.441597	35	38	49
13.817661	0.871796	49.010380	46	45	54
-2.207265	-2.102387	46.581635	103	91	91
5.246314	1.286986	15.857329	224	211	211
13.713749	0.861145	48.499313	30	35	44
10.462781	-5.772667	26.507595	34	32	43
0.073922	0.009321	30.494724	105	95	96
0.758542	-0.347079	39.912487	172	156	150
7.536642	0.941619	18.338528	36	35	43
-1.171478	-0.764871	31.006601	20	10	11
8.589382	-4.493865	24.559156	199	194	199
9.775086	-1.707606	22.395975	207	220	238
18.268373	-7.053817	40.991714	136	126	130
-3.669938	-2.316963	18.279253	135	149	140
-14.538552	-7.289644	37.870243	54	51	55
4.361850	0.389484	36.905159	17	18	21
5.419189	-4.519753	20.250229	33	25	27
6.436681	1.585854	19.504732	224	211	210
1.512500	-8.631995	44.914742	109	66	60
3.106032	-7.297376	32.773628	178	171	171
11.275193	-1.056002	36.636204	55	52	42
5.354364	1.042443	15.567108	55	49	54
8.636778	-0.388265	26.656210	193	192	197
-13.306213	-6.730898	35.226322	13	12	15
5.475535	1.284097	16.651144	212	199	196
16.163298	-4.630219	46.309338	109	110	120
8.662230	1.109138	21.101339	120	120	128
12.580298	-6.342755	34.303387	14	11	17
4.594501	0.225181	13.987062	27	25	33
7.193510	0.855217	21.026190	131	132	137
4.210138	-5.560590	35.932137	9	6	12
11.069285	-5.492888	31.750622	145	139	145
15.767570	-7.068512	40.953136	142	138	149
6.067785	1.370709	26.658766	47	47	47
-1.891501	-0.836516	37.068081	142	126	124
-1.031757	-1.061635	35.419415	8	7	12
15.856928	-0.372326	44.661545	22	24	24
8.036695	0.533136	24.238543	25	23	31
7.192730	2.618224	29.729130	87	73	63
-1.785411	-1.816224	35.132084	20	12	18
