7.034641	3.557701	15.020592	56	45	43
1.592462	-0.072720	27.905375	35	33	53
9.430909	1.488930	19.710676	29	29	36
6.034997	-0.577769	26.403275	20	18	28
17.088799	-2.075230	46.171143	10	10	22
-8.015928	-3.799284	35.604919	170	170	182
-12.599337	-4.077970	31.419527	35	27	33
-13.855369	-4.299416	38.910763	197	192	200
-9.897444	-6.185944	46.484734	175	178	189
-12.409354	-3.252313	31.099682	27	23	37
9.634518	-1.408431	36.546944	22	10	11
13.841651	2.456634	39.114414	140	138	150
17.757442	-1.843697	47.453850	137	137	149
-10.252337	-9.029972	44.256306	60	42	37
-21.502388	-9.671352	37.137585	100	98	96
8.200460	3.797807	16.303753	179	174	183
-14.104994	-4.328147	39.162060	28	19	28
2.517458	-0.719334	19.599365	170	165	183
15.303403	-1.019820	35.636295	129	129	137
4.582744	-1.331157	45.646553	28	20	39
7.596002	3.958086	15.402621	173	176	166
6.882750	3.787486	14.829686	189	160	147
-11.217670	1.066396	29.981750	229	222	233
6.594607	4.139477	16.160770	210	185	116
6.742919	3.585210	19.667929	65	61	72
16.176277	-2.040254	36.616196	33	33	44
1.428218	-0.392973	23.306746	183	176	190
14.842491	1.465416	35.937458	7	6	11
19.068592	-2.894972	49.077034	17	17	28
14.326306	-10.248810	48.992313	175	179	192
19.589291	-8.685761	47.164600	165	163	173
0.710684	-0.345025	36.178947	62	59	76
13.340180	3.373807	37.515064	147	143	152
-14.855842	-7.946846	41.717178	31	16	11
7.940568	3.515510	15.920033	179	172	173
1.139099	-0.278490	34.322548	50	46	68
1.365419	-0.250731	29.039515	30	33	51
1.450937	-0.237143	27.326500	163	165	181
-10.222072	-4.226639	35.164150	36	31	44
0.920460	-0.241642	37.386189	227	224	241
17.055992	-2.252402	37.734272	168	168	178
12.734117	0.373656	37.178223	16	12	25
-10.932261	-6.188336	41.400497	28	22	23
16.453743	0.371098	38.126968	124	124	132
-9.979814	-5.350505	35.328655	34	20	13
7.108590	4.231321	20.781462	15	13	33
6.116433	3.317923	13.189044	173	156	152
4.363610	4.039368	16.114443	58	54	67
17.191338	0.269049	48.584095	189	186	207
15.655578	-2.066672	39.060024	13	14	22
15.876874	-0.677744	36.622345	115	115	123
21.197645	-3.271736	46.897030	109	109	119
15.051734	2.571674	38.988052	163	163	174
-8.826797	-4.282569	33.174088	171	143	150
15.851505	-1.039862	36.392956	106	106	114
9.906177	-3.185970	47.682144	148	143	159
11.345498	-0.466175	26.466366	112	112	120
-10.878304	-5.187201	46.946709	50	50	62
7.567401	3.937208	15.346486	112	115	109
-9.180299	-8.073181	39.601471	84	68	65
6.116304	3.831681	15.040676	171	146	91
-9.719970	-8.204893	40.231468	206	191	190
0.988444	-0.292489	16.410805	190	187	202
-15.745886	-4.829799	44.430603	202	197	205
0.769308	-0.353921	42.113647	79	76	93
1.422658	-0.262828	26.484648	151	150	167
6.817642	3.715588	14.723360	227	203	185
4.768432	4.411141	17.601974	98	94	107
5.709486	-1.637653	44.351856	139	134	151
1.021673	-0.301433	42.033600	212	208	228
-10.306650	-4.962087	45.939777	172	172	184
-11.565713	-3.030357	28.985266	90	85	101
18.768282	-11.142054	47.051910	200	206	224
14.051965	3.540760	39.496567	87	84	93
8.480399	2.138615	25.117208	29	27	34
-14.196484	-7.604140	39.760731	43	28	23
14.094217	-10.066888	48.038250	161	165	178
7.076089	3.586813	15.113070	56	45	43
10.748434	2.609569	32.051598	84	77	87
12.242400	2.109402	34.715717	151	146	159
-9.473479	-5.466941	44.185242	35	35	50
-12.856471	-4.204622	36.276257	205	190	197
8.004354	3.689380	15.894325	188	184	193
8.055844	3.551112	16.114052	153	144	138
13.437072	0.396647	39.232971	23	19	32
6.741239	3.555612	19.652771	129	125	136
-10.683183	-6.152198	40.505005	18	12	13
-11.744719	-4.868433	40.412834	29	22	36
18.120794	1.799502	44.021534	16	13	18
6.955340	4.161611	20.375931	82	80	100
14.382764	-1.891853	36.023243	68	68	78
8.128787	-1.259713	21.416588	13	13	24
13.203921	-1.636156	30.008272	33	33	44
-9.055682	-4.305586	35.108971	78	58	63
9.259363	2.587627	25.114893	21	17	26
11.177690	-1.554294	41.530247	113	98	100
-11.913902	-8.082191	42.072273	118	107	104
-10.211530	-4.966911	38.384914	114	93	97
11.884564	2.023665	30.897818	142	142	154
-9.961866	-5.078178	33.978012	188	174	180
-11.876655	-6.372183	41.914841	34	20	13
19.107586	-2.931728	42.387844	112	112	122
12.422729	2.678928	37.379520	155	148	158
-6.802940	-14.317456	49.455193	188	189	210
-10.990133	-5.170725	47.420147	42	42	54
7.057835	3.598837	15.134246	170	153	128
8.487460	3.948767	16.817141	179	174	183
1.112684	-0.260004	33.220776	50	46	68
-13.494260	-7.193090	37.624084	14	3	1
-5.535750	-2.983806	19.545454	211	193	179
-9.783965	-5.606398	37.053242	68	60	59
-9.695541	-6.058893	45.314682	134	134	147
-13.424459	-4.267636	33.467785	68	57	64
6.705090	3.967190	19.582090	15	13	33
-11.920025	-3.901806	33.816860	205	190	197
-15.026485	-4.674922	42.632130	201	199	206
-7.356931	-3.592106	32.999001	150	150	162
-14.393311	-3.747136	36.021065	27	23	37
7.117094	3.767622	20.755461	129	125	136
17.089367	4.565860	42.239819	25	21	32
-10.470642	-8.135299	34.932018	93	79	79
11.946401	3.333481	32.395454	22	18	27
16.995733	-2.637234	44.606091	28	28	40
9.124798	1.425053	19.176474	8	5	11
17.772619	-2.702794	45.933281	40	40	52
11.327003	1.959932	32.213470	151	146	159
-11.819868	1.107482	31.421024	175	171	183
15.208607	1.523299	37.074944	7	4	8
17.322977	-1.871436	46.524414	86	86	98
15.216840	0.465876	44.380642	7	3	16
15.979741	0.347757	45.439716	164	160	179
1.176718	-0.370251	49.138813	170	167	184
0.508181	-0.147785	9.052938	147	146	163
1.915764	-0.537243	33.768314	164	166	180
13.629122	-0.133551	47.106133	48	49	70
16.695965	-0.598330	38.997482	108	108	117
-11.179445	1.597465	30.223448	51	40	66
-9.232390	-5.388363	37.428837	192	184	197
5.980516	4.332594	17.847008	193	198	204
16.582747	-1.260135	38.469559	119	119	127
-11.325502	-4.712107	38.962334	29	22	36
13.864197	-0.704241	34.824890	17	17	30
2.040513	-0.614379	36.754471	97	99	113
16.927435	-0.512023	39.375484	108	108	118
15.493812	-1.883227	36.643040	38	39	45
2.149465	-0.432700	32.563042	48	22	41
17.572958	-2.113571	39.882751	62	62	74
0.618628	-0.243671	23.400057	190	188	208
11.802057	-1.818390	31.022724	14	14	26
19.061152	1.505959	38.069473	167	167	177
7.875032	4.625864	22.932964	37	33	53
10.059373	-2.766521	44.029484	172	160	165
15.221807	-8.710743	38.587799	167	168	185
-3.470934	-2.004863	16.190075	209	206	221
1.655804	0.248220	4.176567	62	26	37
16.437496	0.368194	48.111244	12	8	19
-10.110156	-4.918580	45.136959	155	154	169
-10.981929	0.965195	29.214371	142	138	151
-15.759571	-4.930190	44.717857	201	196	203
-9.799877	-6.126450	45.917248	134	134	147
-11.291580	-8.578929	37.903736	85	68	69
-10.466575	-5.567239	36.838531	59	48	42
-11.065594	-5.677294	37.547459	192	176	174
-9.355516	-5.495522	35.578251	76	65	63
14.725554	1.469079	36.060787	9	6	10
6.240340	3.311297	18.275429	81	77	88
10.819934	1.894433	31.040403	154	148	159
-7.735707	-3.654907	33.384212	107	107	119
9.439212	2.275437	28.006422	18	15	23
11.946056	3.020281	33.913021	86	83	91
-15.750389	-8.280075	43.528442	13	3	1
16.536137	4.374341	40.826550	25	21	32
13.671986	3.817103	36.962654	22	18	27
-12.374541	-3.219854	30.968596	90	85	101
-7.551030	-6.581122	32.705692	118	99	97
14.354067	-10.365410	49.111130	161	165	178
17.830637	4.387762	41.909992	16	13	17
8.616255	4.139971	19.956808	153	132	120
13.952226	-0.861235	42.153622	98	100	117
-11.107650	-7.410441	39.077923	182	161	148
7.621157	3.621720	17.585342	157	139	145
-4.868953	-2.345467	21.526449	107	107	119
5.468389	3.194932	16.035229	15	13	33
0.703561	0.010750	25.125858	58	55	70
16.306040	-0.823657	40.960606	31	30	44
2.252761	-0.641368	41.150303	164	166	180
5.842672	3.095835	17.102077	65	61	72
16.522491	-9.721977	41.628380	206	212	231
17.978199	-10.250866	43.887959	20	20	32
18.528006	-0.495638	42.958447	132	132	141
-9.253930	-4.848084	33.912331	191	175	174
16.778366	-1.955511	39.681484	9	9	17
14.238772	-0.184037	48.845875	19	20	41
-10.994698	-8.486916	36.383530	154	142	147
-10.497106	-6.164397	47.294689	196	193	208
19.616442	-2.261393	44.163769	12	12	22
13.689036	0.169588	38.869431	133	128	147
14.118690	3.911560	37.980804	20	18	26
-8.783338	-5.246543	33.752625	24	13	15
12.443499	3.162966	35.070473	146	141	150
11.526764	2.797501	34.095024	18	15	23
-13.154779	-4.300325	37.680767	212	201	209
12.976739	-1.787304	28.946444	153	153	165
11.270979	1.954137	32.160278	154	148	159
-10.365449	-5.011675	45.835369	118	118	131
-12.114774	-3.177993	30.601646	28	24	37
20.187641	0.435877	45.901321	1	1	5
-7.080048	-6.120403	30.754684	128	107	105
17.438036	4.579556	42.560974	21	17	28
14.369778	2.573512	36.987942	157	155	165
-3.236179	-1.553463	14.305425	194	194	206
-15.052877	-7.894321	41.589088	13	3	1
-10.498939	-5.408772	35.700706	192	176	174
13.179278	3.330869	31.166285	12	9	13
0.907258	-0.269209	18.601091	194	195	214
-6.200856	-3.654312	28.027735	195	192	207
-8.739166	-4.683343	32.113777	130	116	113
-10.517236	-5.143054	46.496902	118	118	131
-8.719035	-6.252614	31.501377	29	29	54
13.248775	3.253055	31.541174	24	21	27
13.909186	3.672947	39.341686	154	147	157
15.982151	-2.889675	41.544838	131	130	147
15.648561	-2.247507	41.226601	14	14	26
10.899288	-1.332408	26.910046	8	11	18
20.528498	-2.405026	48.845169	8	8	16
18.866182	-0.904635	47.175728	17	17	30
1.714795	-0.323908	13.186704	61	54	68
9.142181	1.295727	24.765608	9	13	16
-12.105168	-6.367358	33.456577	83	69	70
13.444429	-1.652561	32.782513	7	10	17
15.081990	-1.558746	35.203529	88	88	96
-10.613834	-5.236442	47.124397	155	154	169
13.444488	-0.678659	33.276489	3	3	13
0.926750	-0.172720	7.168280	72	66	73
9.762343	2.518570	27.997324	149	142	152
8.827945	2.039340	26.235561	14	10	19
13.301891	2.085667	36.151402	12	22	25
8.696267	1.364769	25.395784	118	116	117
6.701323	-1.338615	17.941322	131	130	147
-3.234522	-2.515852	13.402066	34	31	35
0.554059	-0.348027	6.849535	42	50	66
14.136213	3.757127	34.521740	17	13	24
13.248659	3.253026	31.540897	24	21	27
-10.960985	1.223502	28.264275	54	55	63
18.972832	-1.397169	48.732849	95	95	107
8.166120	1.972208	22.245453	18	19	24
8.260227	-1.560762	21.620371	132	131	146
2.692832	-0.808994	11.091007	162	143	145
-11.910514	1.316340	30.704880	57	58	67
-10.801958	0.840419	29.527113	116	104	117
-13.496152	-2.875415	32.949894	193	188	204
14.383707	-0.002379	42.535400	13	9	20
-8.665620	-4.344834	38.507607	94	93	107
11.365135	-0.278132	36.793007	122	120	136
5.871729	1.667047	18.998571	40	37	41
5.831330	1.953387	24.058716	159	160	190
