-9.991712	6.068816	23.238216	160	154	152
20.734297	11.449225	42.088249	91	90	104
-10.121369	-4.658888	27.951036	29	26	32
-7.058864	2.086281	21.272478	6	5	8
11.030107	-13.268177	45.414478	56	55	71
8.126735	-13.252944	43.687748	50	46	69
20.420639	9.750993	37.723747	56	55	73
-8.299534	4.750416	20.199953	121	116	114
-8.753160	4.819021	21.276739	195	189	188
-13.792621	0.097517	24.081890	18	13	10
11.214865	-8.259820	44.229107	46	34	39
-0.157395	-0.130887	1.012379	75	74	74
10.404845	-7.879120	43.122997	52	43	47
10.264578	-13.576325	46.939491	68	62	73
-11.354060	-1.873071	20.785507	94	92	100
-11.663975	-1.902736	21.115616	124	122	130
-8.647781	3.737689	20.396713	114	102	100
-12.296988	-2.005787	21.777765	134	132	140
11.039278	-8.551887	43.889004	213	200	207
-9.520097	1.471749	25.855934	182	183	186
-9.344275	-4.582215	23.061073	167	164	168
-10.777423	-4.437415	22.318254	223	218	228
-8.751455	4.450966	25.418671	144	144	145
-7.887093	2.370557	24.955967	148	147	150
-11.480213	-2.121969	20.182505	10	10	18
-8.791152	-3.891677	22.034477	191	190	195
-8.605062	2.450527	25.520872	156	155	158
-8.313228	-4.153074	20.307051	23	20	24
-10.986849	-2.185600	19.669319	2	2	9
-8.606730	4.162412	27.631983	14	8	10
-9.051367	4.242019	28.147675	26	19	22
10.873728	0.210197	42.773201	104	99	101
10.349292	-10.868565	42.859016	85	81	85
-7.830433	-3.616689	22.114954	160	157	163
-10.137260	-5.118913	23.942768	27	22	24
-8.040813	3.716739	25.429661	136	129	132
-1.069679	-1.251202	8.539743	68	65	71
-11.445992	-2.410306	20.952087	132	135	138
-6.238883	2.591004	19.023384	161	159	160
-12.289058	-2.512908	21.841000	139	139	146
-13.914003	0.077098	24.543903	127	124	118
-7.905768	3.307145	24.173965	160	159	159
-18.386597	4.756468	34.138248	223	217	211
-10.338146	-5.186130	23.273745	35	30	32
-2.901085	-3.403593	28.400515	115	112	118
-10.663293	-6.759183	29.717079	24	21	25
-2.817048	-3.498317	28.711945	86	83	89
-0.485146	-0.460175	3.384735	203	197	204
-7.786788	3.096015	25.351736	119	118	117
-9.244077	-6.432765	27.854807	32	28	32
-13.232587	3.540416	24.863890	214	213	206
-10.095706	-6.367791	28.104773	32	27	31
7.784939	-12.784780	41.931633	46	44	72
-0.820187	-0.877220	6.021364	66	60	67
-1.209974	-1.397337	9.569159	62	56	63
-8.703029	4.967973	21.156567	86	81	79
-0.418032	-0.397171	2.909954	209	203	210
-9.063148	4.978321	22.008638	132	123	122
-1.883843	-2.167701	15.853719	129	126	132
-13.324669	5.599320	25.563993	36	34	32
-8.238652	4.207003	23.890903	119	119	119
-1.255101	-1.657045	12.667188	76	73	79
-4.653831	-5.755430	47.118580	61	58	64
17.396929	-9.216043	49.337032	183	181	192
-7.525293	3.594828	24.179470	59	52	55
-11.371572	-2.397081	20.833115	132	135	138
-7.877023	3.651117	24.547661	64	57	60
-9.222837	-1.543774	16.895018	140	138	146
-11.611069	5.429286	36.322666	136	129	132
-7.446001	-3.464256	21.009077	156	153	159
-6.904543	2.887347	21.085030	153	153	153
-9.285643	-4.596893	22.589500	26	25	28
-7.524776	2.991997	24.459663	73	72	70
-7.298993	2.144851	21.961327	19	18	21
-8.472305	1.534907	24.240606	8	7	10
-9.264248	1.423456	25.142698	91	92	95
-8.928821	2.706271	28.321558	157	156	159
10.484947	-11.604911	46.146778	66	61	63
-11.981827	3.016393	22.449564	154	145	137
17.505377	-9.928431	49.297985	141	141	151
9.208702	-9.761249	38.412975	56	54	57
-9.039636	2.546276	26.734169	134	135	138
14.755928	-9.113802	46.364403	43	37	48
-5.361317	-0.396187	16.274939	180	135	156
-9.614258	-4.870263	22.724863	28	23	25
11.441985	-13.729646	47.276524	57	52	65
-10.080178	-4.940383	24.875797	167	164	168
-10.421175	-5.222926	23.457924	35	30	32
-9.898417	-4.900745	23.517727	129	128	131
21.092846	10.132495	38.959534	56	55	73
-14.208146	2.141495	25.323212	115	108	108
-8.513466	-3.768062	21.338211	172	171	176
-10.125868	-5.269250	23.522812	86	81	83
12.312424	0.188701	48.365440	146	144	145
-10.670367	-4.439824	22.824707	144	140	151
10.730817	-12.980785	44.786350	56	52	64
9.383789	-12.293616	42.852177	41	35	45
-8.464767	1.540276	24.235336	8	7	10
10.119559	-8.783300	40.974697	200	197	205
-8.167038	-4.027695	20.291355	165	161	165
-11.578519	4.530840	22.383579	22	15	16
-11.026269	4.638044	21.160324	44	42	40
12.006701	-9.061850	49.491199	85	73	78
10.773638	-11.462414	44.981689	36	35	38
19.629805	-9.228758	48.861332	190	190	201
-7.592771	3.037496	24.677380	119	118	117
-7.603346	-3.537851	21.389759	156	153	159
-8.819931	3.706378	26.874498	153	153	153
-9.478104	4.871694	27.309669	41	41	42
12.982841	-8.058344	41.065681	69	62	74
-1.090749	-1.179661	8.095619	66	60	67
-9.138701	-4.506476	22.199007	18	17	21
-0.715959	-0.809488	5.567910	62	56	63
-0.226636	-0.211779	1.548675	212	206	213
-9.485614	1.446254	25.720154	91	92	95
-9.021327	-4.584305	21.332052	28	23	25
-7.781430	3.613997	24.270580	64	57	60
-7.577624	-5.288412	22.944784	60	57	61
-7.460575	3.560056	23.918606	59	52	55
-10.631335	-5.385205	23.956015	135	132	133
-9.320419	-4.816681	21.631317	25	20	22
-9.835793	2.870419	29.539062	8	7	10
17.040983	-4.971560	47.665745	27	27	34
14.265657	-7.963034	43.481354	89	89	101
-9.710841	-4.822607	23.091475	129	128	131
-8.787592	2.417154	25.993790	138	139	142
15.908773	-8.415580	45.239132	183	181	192
-10.034194	-4.173280	21.463240	142	135	145
-12.387034	3.127782	23.164972	202	191	183
-0.099428	-2.763381	20.571367	213	210	214
17.575565	0.404117	49.996140	91	92	97
-10.451586	3.352990	20.067757	25	25	25
-10.252849	1.328308	29.058832	47	46	48
-13.683738	5.579178	26.634735	74	72	70
9.221774	-10.425100	41.020824	99	94	96
-8.302056	3.489952	25.160645	126	126	126
8.849057	0.286367	36.474365	16	12	13
-9.066609	3.628272	29.471298	119	118	117
-12.852897	6.655297	36.869400	34	33	36
-11.754645	3.763694	22.560623	16	17	17
9.570228	-2.867707	47.768539	32	30	30
-8.857502	-6.124170	26.602522	55	52	56
-13.012253	2.489054	36.977505	8	7	10
-11.088141	-5.618806	24.986656	135	132	133
-9.049094	4.307000	28.740303	59	52	55
-0.164935	-4.574567	34.127701	216	213	217
-0.237583	-0.222711	1.624646	212	206	213
-14.247196	6.017976	27.352226	20	19	16
-0.733588	-0.822339	5.707224	43	37	44
-13.304571	-6.236255	37.115356	161	158	164
11.899005	-9.860039	47.630970	69	65	74
-8.759751	-4.344918	21.292137	26	25	28
-13.099597	3.939053	41.201511	98	97	100
11.391493	-8.566609	46.941551	52	43	47
10.944977	-8.662746	44.494183	167	156	163
-9.314411	-3.877688	19.924944	143	137	144
-4.560131	-3.131585	13.725430	69	66	70
-11.051172	-5.355602	24.542322	161	158	161
17.898842	-8.424987	44.549046	190	190	201
-8.185509	-4.095158	20.422714	172	166	171
-9.588869	-4.985162	22.193516	152	147	149
-12.121911	4.638322	23.405046	26	21	23
10.857847	-7.937731	37.146004	44	45	50
14.466173	-10.478018	48.896149	44	45	50
-9.591647	5.060603	27.724878	161	161	161
-1.273215	-1.572193	12.362628	95	92	98
-0.907552	-1.052963	7.557027	207	206	211
-0.623764	-0.653820	4.696889	46	40	47
-7.142182	-4.931864	21.528025	55	52	56
-9.420801	1.831241	26.931398	5	4	6
-9.802551	-6.192104	27.379198	24	21	25
-10.162361	2.998358	32.219940	153	152	155
13.238650	-10.371511	47.465145	202	199	203
-9.266636	4.398122	29.393507	116	109	112
-8.031813	3.255459	26.230200	141	138	136
-8.787683	3.937993	27.920269	16	9	12
-7.959033	3.394750	24.209200	161	159	160
10.561092	-8.502181	41.733059	29	26	32
-9.355497	-4.493463	22.661060	17	16	21
-8.667500	-4.293169	21.660919	171	166	171
14.831659	-9.269375	47.464294	39	32	44
-17.346539	-7.076657	36.493877	143	137	144
8.768956	-2.558726	43.322544	36	34	32
-8.690341	1.181692	25.163828	134	127	128
-9.316227	-4.408474	26.053656	162	159	165
8.393388	-2.858563	42.359425	145	142	146
-8.449704	1.647132	23.180906	53	54	57
-0.187785	-4.575826	33.871113	216	213	217
15.381254	-7.294816	39.532707	44	44	56
-6.171355	2.480257	20.107718	97	94	92
-10.551424	-6.652241	29.544064	21	17	23
-6.772449	2.960333	21.356791	14	7	10
-0.581665	-0.590686	4.324702	29	23	30
-1.228104	-1.498876	11.820623	95	92	98
-11.116837	-5.423213	26.812645	19	18	22
-8.620762	1.192175	25.172064	136	129	131
9.152244	-7.320526	37.812244	178	167	171
11.407872	-3.496588	33.167267	29	29	36
9.699065	-7.831394	38.453773	29	26	32
-8.134088	1.575334	23.239264	10	10	12
6.513742	0.109454	31.208405	38	46	67
-7.873890	2.199558	25.185238	154	153	156
9.805035	-7.327055	40.459736	27	23	25
11.706326	-5.059710	33.056210	29	32	43
-11.604655	-5.892343	26.457272	40	35	37
-10.190593	4.375243	30.572313	103	103	103
9.439334	-5.669630	30.121466	179	179	191
-7.387749	-3.543123	20.605412	82	79	85
-6.724679	-3.584015	21.637985	166	165	168
-10.559503	-4.828362	25.789669	92	91	96
10.141725	0.009240	44.653152	164	159	159
7.687894	0.298682	31.029278	27	22	24
-7.611956	3.330075	23.112762	154	152	153
-7.059926	3.068961	22.253838	12	6	9
11.479973	-9.164434	47.419125	173	165	169
-6.312316	2.475067	20.695435	68	67	68
-8.477676	2.361851	27.096392	152	151	154
-9.062728	1.222446	26.526379	133	126	129
-0.604421	-0.616599	4.527602	27	21	28
8.278912	-6.251248	34.638515	100	93	96
-7.721611	0.969499	24.328117	130	124	118
-7.703445	1.584810	21.833290	5	5	0
-4.857747	1.303696	19.615095	28	27	30
7.919764	0.129226	37.937790	34	43	66
-7.086955	1.866635	20.800413	73	74	77
-3.978151	0.908897	11.131479	139	118	105
14.182846	-6.230240	40.211891	30	33	44
-8.648919	-3.544702	23.187635	5	7	12
-9.287371	2.461428	29.811745	93	92	95
-0.933829	-1.049938	8.014349	61	58	64
-11.508979	2.473066	32.475060	5	5	0
-5.922626	1.581357	23.871138	36	35	38
6.730325	0.002801	32.643124	21	28	54
4.461243	-0.216767	28.783691	21	21	21
9.105520	-0.754422	35.386597	104	102	104
