8.954459	-7.747587	29.795670	154	155	157
-1.938005	-5.911075	47.187862	164	173	175
11.237098	-4.230622	38.169796	65	63	71
11.204246	-2.125491	34.473675	159	161	161
10.106078	-3.651178	34.050846	53	56	68
13.826991	-7.127465	33.947762	36	42	41
6.824027	9.348791	40.845570	181	179	182
17.212008	-8.820224	42.318714	46	51	47
10.408518	-2.220049	33.715073	203	204	207
11.857175	-0.733570	36.798069	192	193	196
24.186541	-4.005283	42.387062	167	176	175
8.185496	-6.436331	28.618170	26	35	37
12.159312	-0.736430	37.033989	182	184	184
9.007098	-2.155608	32.610332	170	171	174
-1.791066	-8.850036	47.316402	138	138	145
16.319386	-9.715059	42.664539	48	50	47
-15.457097	4.542017	29.288725	113	112	115
11.441821	7.343486	47.921154	153	163	169
11.869425	7.369453	48.076401	177	185	190
18.440723	-4.317615	49.355991	37	41	43
11.639360	-3.727935	32.319901	159	164	167
8.460848	-7.455265	29.346773	25	28	19
-14.896178	4.153339	28.671303	162	160	161
8.762150	-3.577482	30.626707	132	141	143
2.220388	-9.131191	30.871500	179	157	157
12.028536	-0.138620	34.855686	191	193	193
12.658251	-0.248919	37.511265	53	55	52
-11.683033	4.416221	29.709173	159	163	165
18.443584	-11.182115	39.045479	163	171	176
11.862045	-1.541155	35.597553	143	144	147
15.952105	-4.232807	45.587181	134	143	143
0.072424	9.023791	47.534382	180	172	177
-1.380815	9.082965	47.862629	184	174	178
5.529397	1.028388	46.661640	119	122	129
21.956781	-12.253240	46.086784	73	77	79
-15.001965	6.020830	39.871994	144	144	150
15.298411	9.314128	47.996304	24	24	22
5.179810	6.157175	47.921860	21	17	13
8.564324	8.669788	44.201435	82	88	91
10.677175	1.963849	42.399300	33	38	47
-0.560785	6.289292	49.056385	199	191	185
0.387779	8.214517	45.265598	132	125	128
11.272838	-4.428340	34.238667	22	26	32
14.895733	9.049815	47.645199	158	156	152
11.830727	-3.506567	32.450184	64	71	69
9.029846	3.495422	38.808117	55	68	64
-5.517776	-13.257749	43.110260	186	173	96
8.203370	8.351566	42.588909	114	120	122
-1.425548	8.758520	46.446526	181	170	174
-15.962934	4.671180	30.223274	120	120	121
0.362734	8.447957	46.511410	140	134	139
-13.244823	5.240451	35.148361	141	141	149
-13.487061	5.098121	34.296612	95	99	101
-16.965807	4.776079	32.540890	131	129	130
-8.436238	6.883507	46.884945	63	44	32
-0.465300	6.200697	47.186653	196	190	184
-1.532773	-7.281452	38.871769	135	138	146
-1.653214	-5.031691	30.470703	39	46	60
23.750883	-6.768853	48.226692	133	139	142
-19.375748	-8.798951	43.948925	123	130	130
10.599183	-4.298896	36.987366	89	103	103
20.421028	-11.425356	42.759541	49	55	58
10.152352	-3.292321	28.394745	162	168	171
16.751375	-8.614680	41.202110	57	62	58
10.098893	-8.665773	33.543633	96	97	98
12.826911	-3.826602	35.130692	54	58	60
9.036966	-7.963832	31.343243	86	89	79
5.653296	1.042940	48.334824	129	132	141
14.179008	-0.112370	41.094700	135	137	134
12.289121	-0.255132	36.456310	74	76	73
11.648820	-0.686151	35.592369	172	174	175
11.418385	-0.684181	35.416618	192	193	196
9.957536	-3.668374	33.944336	29	25	38
14.288879	-3.829131	40.805233	134	143	143
9.711153	-1.287658	36.728271	12	15	22
10.927652	-1.338137	34.423347	181	182	185
12.814553	-1.708226	38.519657	135	136	139
8.786716	-1.940465	29.217091	159	163	168
18.267807	-10.805449	47.836781	37	39	36
10.636070	-2.042442	32.898457	119	120	120
11.897814	2.183686	47.242725	63	68	76
12.416371	-0.122345	35.963757	181	183	183
9.630261	-0.262765	28.843138	74	76	73
18.187635	-0.450909	48.927357	115	119	122
11.120007	-0.630061	34.559635	192	193	196
-1.279751	-5.992844	32.102211	155	160	170
10.661826	-1.394092	33.450451	183	184	187
12.591807	-1.725285	38.024918	125	126	129
7.999046	10.928332	47.662167	134	132	135
9.642754	-1.352632	36.539856	9	15	22
9.709311	-2.232778	35.248920	110	111	114
22.609110	-6.196335	45.273232	32	37	43
15.316259	-3.632774	41.398201	63	68	70
8.708270	-3.254193	29.815340	29	25	38
1.037712	-5.164998	30.519396	70	77	89
9.807310	3.854003	46.579189	151	203	81
10.928422	-3.547314	30.558167	124	132	135
9.412755	-3.805352	32.811718	139	147	152
18.687109	-0.594028	49.108799	135	139	141
11.034278	-8.634278	38.526062	22	28	30
11.610815	7.430128	47.875290	169	178	184
-15.921592	4.456844	30.435574	148	146	147
-12.587174	4.875375	32.135036	159	163	165
-2.200316	-10.085229	48.609695	110	112	111
-17.365862	5.048226	32.818260	92	93	96
-1.480301	9.325470	49.481304	181	170	174
-11.109148	4.305597	29.365921	155	156	166
0.007979	8.725512	46.483479	181	173	183
18.600620	-10.994903	48.789791	52	54	51
0.945486	-1.330675	47.726521	13	16	27
8.885741	3.442883	38.357700	108	118	120
9.060075	-7.891963	30.350750	60	62	59
12.611690	-3.439108	36.187004	134	143	143
-0.721819	5.385484	41.831661	194	181	176
-8.290994	6.776774	46.331516	57	38	26
14.319477	-4.604259	42.212505	54	102	101
8.695067	-3.654217	32.285244	126	139	140
11.721391	-4.024294	34.812691	53	94	92
-0.858225	5.851527	42.534920	88	74	75
18.474411	-6.222993	45.633049	61	66	63
20.802521	-11.671811	43.512165	49	55	58
8.193534	8.124130	42.400002	98	103	105
8.175773	-3.420954	28.698898	89	103	103
17.209393	-4.066279	46.547955	58	63	68
18.784365	-4.154067	47.630634	65	71	74
-12.324129	4.697864	31.539881	182	186	188
10.491090	-1.381267	33.103401	183	184	187
12.375951	-1.648560	46.774555	8	13	21
13.235473	-0.807752	40.939346	144	146	146
15.857321	-0.354312	46.926258	56	58	55
14.689058	-0.084928	42.645050	153	155	155
-17.249853	4.793288	32.908836	57	56	59
-1.801819	-8.119793	45.208019	155	162	174
10.034783	-7.923220	35.241848	22	28	30
-1.746588	-8.180139	43.818600	143	145	154
9.159022	3.448676	44.086464	142	193	72
-9.089549	6.899652	47.535889	172	156	143
19.597073	-9.973232	47.930294	57	62	58
11.604063	-2.489770	37.975105	121	122	128
16.691528	-5.056243	45.155228	52	56	59
12.597977	-4.116845	35.385719	121	130	132
-18.296808	-8.798202	44.408794	144	150	151
-21.353363	-9.530179	48.124916	136	142	143
-1.861547	-8.258372	39.720306	137	139	139
-12.765551	4.921103	33.695156	129	131	140
1.649489	-8.423263	48.906136	126	130	134
10.510126	4.023463	45.239902	135	148	141
10.739976	1.831638	42.411598	43	48	55
-8.671954	7.226035	48.452114	67	49	37
8.261361	-6.998394	27.629456	85	87	88
-0.755499	5.257326	34.430904	207	207	219
0.856434	-1.375420	44.694874	30	33	42
8.675749	-2.363755	31.719215	20	21	24
11.081573	-2.336675	39.742458	191	192	195
10.708512	-1.568045	32.375191	150	151	154
7.773787	2.893348	37.590126	148	200	79
-7.617251	5.774883	39.794315	172	157	142
10.565779	-1.693405	40.319859	6	16	22
13.581107	-1.760796	42.298470	194	195	198
-12.812977	4.919165	33.758770	125	129	137
-12.324129	4.697864	31.539881	182	186	188
19.662771	-6.558728	48.406315	39	44	42
14.325183	-0.715444	44.025230	198	199	202
15.204475	-0.347265	44.974174	56	58	55
-1.431577	-6.703180	36.077518	155	160	170
15.864484	0.035821	45.779987	181	183	183
9.339175	-3.080749	27.338999	149	155	167
-1.946535	-5.799639	44.378735	161	167	170
18.220280	-9.202274	44.417263	28	33	29
-15.172548	-6.833808	34.244183	135	141	142
9.551678	-4.085570	35.916504	123	130	133
6.319432	6.670470	37.181099	29	25	29
15.109200	-4.595790	40.666195	41	45	48
0.811403	-1.227826	39.207687	13	16	27
8.982713	7.909242	44.275734	51	54	61
-13.098855	5.208434	38.305328	10	5	2
-2.354394	-6.160524	41.712856	53	56	63
11.925810	2.199250	46.958450	33	38	44
8.160093	-6.808452	27.176550	138	139	142
12.466866	-1.735543	41.558201	3	10	16
11.784094	-1.656259	37.022709	194	195	198
7.716043	3.082034	33.292591	66	72	84
-8.606604	6.714224	45.233913	171	157	141
17.801886	-6.018991	43.926216	38	43	42
12.533707	-0.554593	38.747265	181	179	187
13.819703	0.041320	40.200024	167	169	169
9.496566	-7.502466	33.541195	10	16	18
14.341333	-8.544531	38.293301	29	33	36
17.096388	-8.639238	41.672207	26	31	31
9.225933	-2.553368	33.841385	16	19	21
10.069952	-4.353002	34.958599	133	139	145
15.099031	-3.241940	38.304375	21	25	31
13.320731	-4.159165	36.125118	41	45	48
-14.044523	5.382284	36.174557	180	184	186
-16.135969	-7.170070	36.259560	135	141	142
-13.495178	-6.522548	32.954643	147	152	154
-7.894059	6.916925	45.062298	39	27	15
10.264915	1.871245	40.579136	33	38	44
12.079149	-3.879100	35.176407	141	153	163
-0.880770	6.210764	40.496014	202	202	214
10.900736	-1.456318	36.570614	4	10	18
5.123007	0.985334	46.631695	131	138	152
8.799344	3.781328	46.434933	132	190	75
8.152509	-3.502630	28.378401	131	139	146
13.229439	-4.350169	38.522060	154	165	174
11.982985	-0.059724	34.989693	167	169	169
11.008675	-1.072125	33.339119	26	27	30
-1.411786	-3.901917	28.617792	155	154	159
16.015551	-5.422561	39.627396	39	44	42
14.829936	-3.378682	40.988277	19	26	34
7.943615	-2.216680	29.496542	42	46	50
-11.873441	4.656181	35.343048	4	4	1
10.236645	-1.624479	32.192787	195	196	199
8.656384	3.554687	45.727962	123	181	71
11.988424	-1.928200	36.973545	166	165	168
13.114178	-1.167026	38.693241	26	30	32
9.412527	-4.000943	31.943291	163	164	172
15.045401	-0.907530	40.080029	134	138	140
6.319583	2.998142	31.621424	48	59	72
5.847358	2.211951	30.375334	137	190	70
3.322868	0.256957	32.362644	125	133	149
-10.272427	3.443531	42.620850	44	40	39
-7.882805	-3.052976	24.483822	71	81	88
-9.235891	2.696701	40.787659	64	58	51
