16.745270	-8.581939	36.989174	195	227	207
0.860979	-6.325899	46.716110	188	188	200
22.517344	-9.633751	38.837631	219	245	234
-3.860646	-10.725457	47.133732	190	192	207
21.910633	-11.482119	46.647465	215	247	227
12.008315	-6.655790	26.376467	213	249	233
17.398312	-7.987233	31.671654	217	249	234
15.107651	-10.260960	34.057194	199	222	196
15.040297	-9.825553	36.592861	185	203	188
14.375612	-7.609881	32.847645	199	227	209
22.356144	-9.722662	38.559994	219	244	232
15.158785	-9.250002	34.406155	212	237	211
17.048332	-9.435782	37.410843	199	235	218
15.764579	-9.277472	34.508961	224	249	235
15.964790	-8.137567	30.767803	210	242	217
18.928047	-9.800783	36.488808	226	248	234
13.870129	-7.721538	32.755974	221	246	226
12.835485	-7.381941	31.278933	196	207	195
19.530233	-9.842117	36.644302	212	240	223
21.008503	-9.976148	37.149700	210	240	222
19.151669	-10.054164	35.797726	216	245	223
16.879839	-9.101665	38.592686	206	239	216
15.670155	-9.967133	35.491039	220	247	231
0.708615	-5.906789	41.875389	23	23	33
19.684113	-9.768493	36.932922	199	233	205
17.248680	-9.666435	36.545242	227	252	235
14.650258	-10.102852	35.465172	196	212	197
17.781248	-9.673501	36.571163	211	241	224
14.738131	-9.496288	33.295303	225	250	232
9.596363	-2.868156	49.485882	63	61	59
-2.709325	-9.465470	47.036564	199	198	210
15.178214	3.130894	40.633808	173	174	172
16.450676	-8.282934	37.693554	198	232	201
18.083092	-8.310867	31.189425	189	230	212
-7.047400	-9.382959	47.354542	166	165	168
9.544024	-2.679527	49.741425	40	35	33
22.867702	-9.283972	39.719501	210	237	223
14.800673	-9.726342	32.251312	203	226	200
5.479064	-3.631229	40.061127	180	182	182
7.184898	-3.977691	44.706539	185	171	171
19.614271	-9.700273	39.118252	199	235	211
9.744247	-5.626753	23.824411	50	60	53
3.177558	0.318648	40.831718	27	27	39
-1.991225	-8.430462	42.430500	187	171	168
10.325335	-3.364703	37.824409	193	193	190
11.323197	-6.753010	27.712351	54	65	57
12.602590	-8.473049	30.636391	28	42	27
16.372263	-6.633688	28.384832	164	194	174
4.847888	-1.149130	46.207546	179	180	183
-2.531495	-13.465208	49.890961	158	159	162
-2.168013	-14.231042	48.691711	59	57	65
-1.115572	-11.537511	49.857697	193	176	170
14.418360	-10.206581	35.074978	46	59	47
17.481556	-9.088699	38.535099	197	231	208
5.909213	-1.339966	48.510670	195	187	176
14.194019	-10.348958	34.357166	174	189	178
15.143343	-9.715143	37.027943	23	36	24
4.856459	-0.786146	47.340595	50	49	52
16.921686	-10.726219	35.624382	190	216	187
8.547278	-3.555439	49.236103	24	25	22
8.217570	-0.650831	42.129982	180	169	166
17.915398	-12.768073	43.599560	46	57	48
-10.045635	-2.286435	42.045006	158	153	150
12.954808	-7.219376	30.569824	221	246	226
16.110479	-8.647655	36.982571	215	240	225
6.037279	-1.375942	49.680710	195	187	176
13.885988	-8.309161	34.055775	164	176	173
15.855962	-9.257482	34.834396	222	246	233
3.574717	6.386759	42.792316	49	31	25
21.023296	-10.468235	48.298325	198	232	201
-2.414019	-12.496737	46.253708	178	180	180
6.727983	-2.953827	39.895409	151	154	149
1.043807	-7.061496	47.955097	45	43	52
2.299403	-2.901058	31.708405	109	111	111
11.890145	-3.813239	43.920780	192	192	189
16.979450	-9.268681	34.874599	232	253	247
15.708091	-9.000258	35.855774	145	175	152
18.811142	-9.375261	35.279644	215	243	224
20.354113	-12.493267	41.616428	127	157	129
0.696160	-6.042389	43.006191	121	121	129
15.123388	-8.739889	36.994804	143	153	146
14.438934	-9.779859	32.588863	184	206	180
14.887140	-9.762177	32.527561	173	197	170
15.433681	-9.757635	32.510616	189	215	186
17.763905	-11.915513	43.227669	28	40	24
17.075163	-9.836283	32.773136	196	223	195
17.650333	-9.889542	32.952408	170	192	166
14.365861	-9.365483	34.927170	185	203	188
21.351614	-10.924441	47.196278	199	230	211
3.519026	-4.404811	48.288921	164	166	166
-4.132059	-13.379541	47.827679	50	51	56
16.213224	-8.990015	35.812832	120	159	137
17.367270	-9.000197	35.851555	168	197	187
21.090343	-12.758534	48.054111	212	237	211
16.371815	-9.298728	34.667862	217	244	223
19.986298	-9.156368	36.481518	173	209	193
20.776871	-9.229508	36.777592	197	231	201
-0.880821	-13.032654	43.501038	213	213	213
20.129219	-9.554529	35.632351	169	199	178
-2.046973	-8.538879	43.489552	198	185	182
4.154331	-1.013303	39.901840	136	140	142
17.510036	-9.636856	33.765957	148	174	161
6.226336	-4.135421	46.480545	152	154	154
8.076876	-4.660461	19.738482	129	139	137
17.161283	-12.227563	41.757523	46	57	48
0.818823	-6.570466	48.665806	194	194	206
3.212680	0.271806	41.654148	9	8	23
16.831945	3.529573	45.233994	73	71	72
13.911200	-9.648742	33.818104	163	173	162
8.955136	-2.778199	46.524059	52	50	48
18.110025	-8.976819	36.112240	182	217	194
16.900108	-8.942513	35.973942	148	185	159
-4.038872	-11.293620	49.408382	196	198	211
-6.312011	-8.595576	42.710129	195	194	197
-2.834005	-9.839504	49.343224	199	198	210
24.021387	-12.223888	43.533348	226	243	229
14.839734	-7.903966	27.697710	231	253	238
22.083614	-8.955382	38.316990	210	237	223
15.201585	-8.865742	31.232037	223	248	235
4.088630	-0.725684	40.226048	29	29	37
21.178446	-8.840052	37.814041	200	231	211
16.340818	-10.120695	35.809406	212	242	231
5.392879	2.463120	37.628483	65	44	33
7.362298	-4.076389	45.777378	185	171	171
7.151485	-9.804456	47.373329	93	93	96
8.924993	-1.342161	48.228424	20	17	21
9.956035	-0.778067	49.450722	70	60	55
16.592932	-8.631887	34.318714	103	134	119
14.479393	-8.388928	35.475483	143	153	146
-3.763906	-10.641987	45.929150	195	198	209
15.168725	-8.889832	33.391560	222	246	233
24.709585	-12.719219	47.805164	177	208	188
21.688757	-11.881457	44.614243	145	171	159
15.652906	-8.930663	33.175854	179	208	185
19.364632	-11.741581	44.086094	149	178	148
13.755657	-9.019117	33.516575	131	143	134
5.012845	-6.495019	49.475704	65	66	71
15.792409	3.332664	42.426937	100	99	98
0.751644	-6.520391	45.962780	40	40	50
15.496972	-8.297892	35.489483	215	240	225
8.486795	-2.664324	44.221157	50	48	46
11.454886	-5.571721	29.300861	166	165	159
-2.396609	-11.887561	43.726700	205	209	209
20.169130	-8.422680	36.026386	139	174	145
8.500194	-1.408761	45.709984	41	39	44
7.750386	-8.194823	44.083363	30	30	40
19.090057	-8.762486	34.844265	173	209	193
17.982494	-9.543275	33.634155	211	237	219
16.811016	-9.203563	32.415745	148	174	161
14.221087	-9.181628	32.343758	119	150	125
17.977087	-8.975544	33.713619	215	243	224
13.890452	-8.872128	34.089828	101	111	103
3.360967	-4.260792	46.485718	163	165	165
15.300876	-9.150431	32.228680	168	204	170
13.533625	-9.164163	32.973671	103	110	100
16.170107	-8.572594	34.487675	148	185	159
5.892094	-3.952478	44.163746	156	157	160
9.156116	0.776463	47.766876	172	162	159
2.297510	-2.881583	31.566166	49	51	51
5.489939	-3.374615	45.135353	191	186	179
12.087058	-6.769540	28.611372	170	199	171
-0.961593	-8.978353	38.509983	199	186	181
14.255289	-8.591024	34.988304	77	91	84
-0.644923	-14.245938	49.306393	34	34	30
5.977708	-8.158172	39.484035	80	81	84
-2.717596	-9.286623	46.743893	170	171	189
3.897806	6.971025	46.728115	49	31	25
5.253544	-4.734925	37.464275	113	144	204
15.991129	-8.285480	35.433971	156	189	169
17.430954	-12.074235	42.516689	158	161	155
-12.329104	-7.431967	49.970821	148	151	158
2.960088	0.172603	38.430771	34	33	48
6.450259	-2.301788	43.913105	172	167	169
15.351234	-10.095510	37.476292	228	234	230
5.638696	2.592808	40.217972	47	26	15
4.548162	-0.793025	46.642448	72	72	80
5.195168	-3.212905	43.718735	185	180	174
4.979774	-1.109686	46.070000	172	174	174
8.432009	-8.350310	47.311184	136	136	145
5.433766	-1.104506	45.798382	191	183	172
14.573511	-8.343231	33.346138	128	161	138
2.696283	-5.866686	42.924370	91	94	101
21.917891	-12.091659	45.114147	93	118	104
-8.668203	-4.351133	41.281891	106	103	112
14.990101	-8.315579	33.231930	122	158	135
15.527267	-8.291944	33.133888	148	180	159
9.273348	-2.865243	48.697021	50	48	46
14.615859	-8.613095	32.150074	222	246	233
15.133944	-8.588026	32.053040	232	255	238
16.593559	-8.587897	32.048859	214	244	226
17.081476	-8.606991	32.120537	192	222	202
-6.378228	-8.700213	42.828880	195	194	197
15.367453	-8.043740	34.070126	100	136	114
2.732268	-9.273443	38.851871	140	60	49
14.936222	-8.068360	34.178066	161	194	171
14.514819	-8.099993	34.316456	167	202	170
8.682465	0.669062	45.969536	178	169	163
0.759925	-6.379740	44.460484	110	108	116
-2.641234	-8.958636	45.327518	170	171	189
-1.218250	-7.554928	45.477295	88	38	12
11.494294	-5.569918	29.337017	168	166	158
9.141509	-1.877283	49.862984	37	31	35
16.268354	-0.950708	46.641075	123	118	117
12.084485	-3.937707	45.099670	189	189	186
5.813584	-7.948985	38.445473	80	81	84
-5.082539	-3.889280	44.468792	143	138	137
4.927110	2.354777	39.011028	79	59	41
3.332480	-4.865070	43.402561	164	165	168
6.508455	-6.961212	36.690216	31	31	41
3.752919	-11.174383	49.906853	222	203	186
5.326914	-0.920542	45.284801	184	174	164
4.741500	-4.520991	34.414661	127	155	214
1.347009	-4.814635	36.772030	187	187	199
15.173639	-0.890284	43.529163	131	126	125
-5.909391	2.139548	40.830307	132	120	108
-5.197188	-7.038835	34.756470	194	195	198
-2.570444	-8.999442	45.210880	209	209	221
6.544896	-2.162590	43.198578	193	183	184
4.869626	2.328577	38.430225	59	38	23
-6.859414	-10.465583	48.561859	57	54	53
5.395082	-3.747773	40.842216	181	182	185
7.952121	-1.608238	42.931442	45	41	49
4.886591	2.199199	34.421833	47	26	15
0.787006	-8.335742	46.571114	76	45	36
4.470383	-2.671848	37.065647	204	194	182
3.260036	-4.870611	43.029018	166	167	170
0.730360	-5.284519	36.822811	40	40	50
2.329683	5.309079	37.833103	31	8	6
-6.829810	-1.348787	39.776020	117	113	122
17.157930	3.903130	45.757050	180	178	179
8.143072	-2.287593	42.034348	40	35	33
8.507891	0.600359	44.945084	167	158	153
9.373234	0.593192	44.548992	28	23	20
15.575754	-4.791505	42.581272	18	17	21
15.061864	-8.385714	35.556675	194	229	196
12.604145	-6.230813	32.338963	206	208	206
2.671300	-4.194905	36.046616	171	172	175
2.636982	-9.317870	41.625465	255	238	214
7.903059	-2.231092	40.862541	40	35	33
7.887399	-1.494678	43.381413	25	21	30
-6.604499	-1.173382	38.695957	122	121	126
6.755863	-2.578268	43.152454	20	19	22
4.594612	-4.491769	34.064312	132	157	216
5.122109	-3.077557	44.138351	203	192	187
-1.207954	-6.293475	37.815479	71	22	1
9.124027	1.195495	45.186012	34	26	18
4.576374	2.015936	32.661720	46	25	14
6.618448	-2.166325	43.698318	156	146	147
-8.070848	-3.864084	38.295212	149	138	145
-2.769960	-9.396374	47.457287	170	171	189
3.086632	-6.594007	32.547394	151	150	155
4.591498	-0.775508	38.533474	177	166	159
14.204545	-0.798955	40.707664	138	133	130
-3.896929	-0.690820	22.842617	31	5	9
8.593823	-2.234099	35.117901	164	163	152
6.618465	-2.166330	43.698421	156	146	147
-5.944644	-1.019133	35.084064	58	59	62
7.129931	0.377670	38.801315	116	110	103
7.599274	-0.553253	37.609879	49	37	33
7.304511	-1.002013	37.262516	188	186	182
7.820005	0.611382	38.722107	35	29	22
4.511119	-4.738179	34.773430	213	217	247
16.238718	3.950015	44.053814	73	71	70
5.352520	2.435691	41.518566	62	42	24
1.537781	-2.038347	40.251705	175	176	179
-3.823807	-0.682431	22.382847	30	4	8
2.822849	6.589172	45.691730	32	12	10
5.719516	6.676581	44.461544	74	57	44
-3.080133	-1.204498	36.181057	35	32	36
-7.282637	4.474870	43.472153	122	118	112
12.392690	-0.776161	35.827816	141	136	134
3.678939	-2.529957	31.284805	158	159	162
-2.958593	-1.346476	37.307034	8	7	10
-1.678525	-4.681640	33.863953	177	165	167
