-0.315434	0.144952	5.301284	17	17	25
-1.884777	0.349347	24.866564	56	56	64
5.028760	1.026788	28.269791	17	13	24
-0.295569	0.032231	6.544373	24	22	30
1.671327	0.183263	24.786167	18	18	26
0.108130	0.437385	13.407317	9	7	17
-0.217755	0.016194	8.832687	22	20	28
3.428194	1.161148	22.666082	17	17	27
4.155954	-0.980201	26.399679	47	50	59
1.670768	0.710613	24.794504	33	33	41
3.447094	1.375496	22.778877	24	23	33
0.217681	0.060185	27.006563	38	38	46
3.444245	1.906819	22.770945	25	27	30
0.423342	-0.023346	6.479895	30	33	40
0.845902	0.646806	24.405502	36	34	44
3.467696	2.128303	22.910151	13	16	20
0.218903	0.883605	27.130116	21	21	31
2.774793	0.613474	23.811386	24	27	34
0.046226	0.581331	23.878170	26	26	34
2.924899	0.861344	27.311121	27	30	37
-3.977465	2.986811	22.856974	179	176	178
1.441142	0.590645	26.150930	27	25	35
2.766184	3.482679	25.529999	44	42	52
-0.153492	0.055831	12.466037	177	177	185
2.724068	3.269728	22.967590	48	28	32
-1.091915	0.097832	24.200861	30	30	38
-4.681795	2.539369	22.406189	82	80	89
2.701203	2.590217	23.096226	27	26	31
-0.647936	0.055983	26.267170	46	46	54
3.836424	2.087405	26.818140	72	68	77
-4.337598	2.053171	20.454836	119	119	130
3.849197	2.641703	26.906717	51	49	57
3.737502	2.530383	26.894829	153	153	161
-4.586462	2.478955	21.956850	91	89	99
-0.138931	0.223064	12.907980	26	26	34
3.774069	0.486512	24.553186	35	38	47
-4.030897	2.995259	22.993176	190	187	189
3.523654	2.164372	23.292738	65	62	72
-0.114144	0.069852	8.616355	24	22	30
3.745302	-1.212301	24.360325	42	45	54
-0.669841	0.600811	26.227030	39	39	47
3.523695	1.397087	23.280605	54	54	64
3.501242	1.191145	23.147064	56	56	66
4.077374	-0.979856	26.103054	21	24	33
4.990758	1.296755	28.377697	32	28	34
-0.337909	0.292660	13.257766	69	69	77
4.214967	0.881597	24.654158	115	110	125
3.033313	0.905833	28.330585	37	37	45
1.728899	0.741471	25.662716	112	110	120
2.881502	0.635610	24.636122	103	106	113
-0.228890	0.201158	8.972891	101	99	109
4.100884	-0.087303	26.251795	28	31	40
0.427915	-0.069128	12.789763	39	44	50
0.019459	-0.086784	12.987672	61	59	67
3.187815	-0.027212	29.422234	22	22	30
0.187965	-0.211602	29.229765	22	22	30
0.010850	0.153945	6.726258	174	174	182
0.099510	0.059330	24.997385	22	22	30
-0.244179	-0.001518	8.743248	33	31	39
-4.517289	2.151483	21.292837	140	140	152
1.575204	-0.671696	24.093508	26	27	32
2.795384	2.968040	23.407644	189	190	199
-0.316834	0.144768	5.325827	34	34	42
-0.050707	0.297237	8.671086	196	196	206
-0.202358	0.002032	6.567089	46	49	56
3.034717	0.249569	28.328352	41	41	49
2.651040	3.352789	24.776659	30	28	36
2.962448	3.545592	24.839947	112	107	108
-0.075700	0.442398	12.971602	191	189	199
-0.202269	0.421859	12.853647	198	198	208
2.846150	3.596434	26.596857	29	25	34
2.737385	-0.303466	23.734591	47	45	53
3.653394	-0.370686	24.149958	78	81	90
3.740016	-0.123178	24.242348	25	28	37
2.713109	-0.652734	22.289457	173	171	183
4.023673	-1.011327	26.088987	65	68	77
-0.229895	-0.000917	4.154353	178	181	188
4.512428	0.092018	26.243664	46	49	58
0.362287	0.453725	13.147255	192	190	200
0.474444	0.270330	25.324339	41	41	49
4.523963	0.331592	26.307730	64	67	76
-4.524751	2.150467	21.331264	140	140	152
-0.242941	-0.005577	8.705334	25	23	31
0.603142	0.461233	27.819790	65	65	73
2.758184	0.421442	23.902418	79	79	87
-0.284153	0.091622	6.586336	33	31	39
3.742493	0.480686	24.266161	12	15	24
2.623959	3.191776	25.034206	29	26	31
0.101025	0.632547	25.125055	26	26	34
0.935100	0.724641	25.676210	36	34	44
1.782454	0.772757	25.936230	112	110	120
2.741745	0.826902	26.323095	74	74	82
-0.101842	0.088677	3.994528	116	113	126
3.442490	1.913421	22.749506	66	66	68
3.816823	1.042428	22.589437	35	34	39
3.423986	1.175030	22.630650	17	17	27
3.766840	1.485229	24.421846	24	23	33
2.786121	-1.002795	24.031900	33	32	35
-0.173234	-0.000407	6.793405	46	49	56
-0.679559	-0.027815	26.695204	25	25	33
-0.398107	0.820447	25.350861	193	193	203
-1.497831	0.572008	25.899639	66	66	74
-0.337506	0.189137	24.697006	45	45	53
-2.020417	0.331320	27.808708	96	96	104
-0.133502	0.882979	27.192293	200	200	210
2.718315	-0.630653	26.100565	49	50	55
0.026809	-0.185160	24.966284	58	58	66
-0.231386	-0.012908	8.863585	25	23	31
1.005359	0.747155	26.704193	79	77	87
-4.042670	2.924670	22.687435	201	198	199
2.836332	0.146257	27.090542	49	49	57
-4.988901	2.360661	23.358023	169	172	183
1.883214	0.857029	27.112911	112	110	120
2.866750	0.868490	27.354961	81	81	89
3.387059	0.515796	22.483082	40	43	52
3.809879	1.437995	24.712145	54	54	64
3.383333	-0.312444	22.448174	25	28	37
2.584220	0.432845	22.411934	33	36	43
0.518773	-0.413018	26.105038	20	20	28
4.159391	-1.321938	26.967356	65	68	77
3.015669	0.089576	24.627846	190	193	200
0.013382	-0.081147	13.010760	61	59	67
-4.468176	2.367124	21.277298	119	119	130
4.022077	2.332610	25.846786	79	73	84
-0.285193	0.353072	26.644770	59	59	67
3.033841	0.872760	24.770594	197	200	207
-0.267698	0.070545	6.769870	22	20	28
3.444277	1.927740	22.837826	78	71	81
1.378311	-0.559396	26.640818	78	79	84
-0.738104	0.637957	28.299904	102	102	110
4.632294	-1.880525	23.299757	164	161	165
2.743751	0.527034	27.123222	171	171	179
3.831606	0.583247	27.343016	149	152	161
1.768731	1.111177	30.111483	198	198	208
0.710963	0.875042	26.391029	195	195	205
4.250801	3.035169	29.831774	63	61	69
2.768182	-0.657403	26.575884	56	57	62
-4.421498	2.497956	21.569092	43	42	47
0.714179	0.393347	29.561207	49	49	57
-5.116800	2.480966	23.962269	181	184	195
4.085736	0.121536	23.669891	25	28	34
3.242739	0.135538	26.642843	203	203	211
4.537043	-1.640394	26.283615	41	43	50
4.178298	1.498909	26.843063	53	53	63
3.226085	-0.759263	26.506617	198	196	206
4.558582	-0.755222	26.409491	53	56	63
2.953899	0.900506	24.143995	196	199	206
0.811237	0.289057	23.853432	191	189	197
0.962076	0.783359	26.071222	45	43	53
3.234151	-0.312973	26.572838	20	20	30
-0.141563	0.448755	14.395784	178	178	188
3.841409	1.499077	26.875164	173	173	183
2.777973	-0.313182	26.522070	192	193	198
0.555870	0.782776	22.977404	193	191	201
1.417608	0.903139	26.315973	201	199	209
0.075197	0.333938	25.417606	189	189	197
2.785416	0.134112	26.592230	39	39	47
0.956567	0.017064	25.937231	25	23	31
3.741979	2.149539	24.034576	16	29	21
2.677110	2.942452	22.499149	189	191	200
-0.662498	0.323011	24.785364	187	187	195
0.509682	-0.413965	25.603916	23	23	31
-0.281254	0.258904	28.777412	45	45	53
1.875255	0.799202	26.476019	33	33	41
-4.158943	2.271894	20.217762	24	25	28
-5.407687	2.314576	20.668434	94	90	97
-5.293400	2.549353	24.801630	169	172	183
3.667392	1.398166	24.365942	119	119	129
2.906361	0.529457	24.224033	17	20	27
4.348618	-0.208730	27.939857	69	72	81
3.623354	-1.055130	24.067940	60	63	72
-3.909705	2.795707	21.098907	226	221	223
4.128594	0.165000	24.160822	24	27	36
2.894085	-0.326119	24.119938	20	23	32
2.765151	-0.690408	24.064783	188	187	192
2.918966	-0.375662	27.875502	179	180	185
4.125859	-0.629599	24.134766	22	26	29
-7.172973	4.422129	33.216442	75	73	74
2.787036	0.897456	24.258446	186	186	194
2.828925	3.146575	23.810114	187	187	195
0.632366	0.861319	27.168438	202	202	212
0.250758	0.134148	13.052452	58	56	64
0.078195	0.846554	26.779116	143	143	153
3.834490	2.192798	24.622980	27	28	31
0.077829	0.441304	26.715216	198	198	206
4.693108	-1.165769	40.844734	54	55	60
0.786509	0.388111	23.508406	201	199	207
0.784425	-0.084852	23.448160	24	22	30
4.098337	-1.476019	23.978281	32	32	40
4.359998	1.745340	30.526331	107	107	117
4.781153	-0.766352	27.804419	116	119	126
4.516534	1.095311	29.178469	206	206	216
4.286421	-0.769461	27.900620	196	199	208
3.476068	0.592648	28.230017	33	36	43
-5.556264	2.668738	25.709156	187	189	203
3.460803	-1.075852	23.461077	104	107	116
3.268181	-0.771440	27.937424	178	177	182
3.289198	0.077433	28.110937	175	173	181
-4.665536	3.296618	24.730717	243	239	240
-5.087986	3.085657	23.218843	45	43	44
2.954355	0.590065	28.187105	189	189	197
1.144862	0.682488	23.042471	202	200	210
4.076463	-2.275460	27.637877	159	158	161
4.066000	0.209278	23.641331	23	26	33
3.877583	2.398166	27.613356	155	154	162
3.933737	2.193417	25.265188	25	27	30
3.266201	-0.387200	26.019981	26	26	36
3.081784	-0.008500	26.071613	192	190	198
3.283378	0.372988	26.153425	127	130	137
3.988977	-1.886053	25.762772	174	173	178
-1.869495	0.495910	23.838148	207	207	215
4.016283	-0.763286	25.938101	206	209	218
3.794610	-2.258442	25.725210	158	157	160
4.063355	0.950578	26.236788	212	215	224
2.701769	0.370362	26.089888	185	185	193
-1.689735	-2.771707	29.271383	206	201	200
2.819559	-0.400986	26.914804	178	179	184
