14.777251	-3.249319	43.791130	41	28	33
-22.913744	-9.792408	45.519978	36	16	8
3.573401	-1.717536	30.645079	24	18	31
18.067736	-9.686886	33.829308	186	185	189
11.684912	-2.455812	34.008701	204	197	193
-17.334213	-3.467383	34.163738	22	18	13
-18.604498	-5.422903	44.343109	57	55	67
-22.814709	-4.523992	44.961128	161	161	160
-18.517971	-7.952193	45.956856	51	31	22
-18.147425	-5.508716	43.263687	12	4	21
5.044908	-1.052268	44.661171	39	32	42
10.322734	-5.813530	33.410648	46	35	44
-22.567286	-4.924814	44.472702	217	199	196
-17.313461	-8.333024	49.808189	198	194	202
15.866360	-3.819882	33.152641	110	108	120
10.000408	-5.573612	32.802353	196	190	197
10.423694	-0.039421	43.168236	204	200	213
16.068401	-3.207301	45.678734	28	30	27
-22.778667	-5.534996	41.075653	189	177	171
-14.095943	-7.611922	46.871353	182	179	194
15.647003	-2.987495	32.834995	31	28	43
8.848799	-3.963712	33.809311	148	144	155
-20.792238	-13.733335	48.427109	124	121	119
15.354149	-3.871592	30.633490	126	124	136
3.719131	-9.205639	30.959969	33	29	39
10.529259	-6.028421	33.853477	168	156	168
10.211247	-4.425932	36.453316	157	153	162
15.907722	-3.292961	30.983603	131	129	137
-18.122904	-6.714013	47.364998	194	168	146
11.382253	-9.427595	31.278807	111	113	133
15.553341	-2.216810	39.400150	116	114	128
-24.467028	-9.839561	47.076069	199	180	167
-22.840897	-5.694419	40.743866	20	9	12
5.473177	-1.083749	45.974281	58	49	60
-18.033611	-5.734969	42.991470	203	190	206
11.247019	-3.440489	30.220325	120	117	125
-18.452436	-6.365469	43.145218	186	150	145
17.693113	-0.084414	32.397858	9	8	16
7.827071	-0.666411	31.102310	16	16	28
7.084575	-3.291544	46.826500	137	137	145
17.352327	-0.994073	37.863792	135	134	149
9.793015	-8.486991	27.651613	171	176	202
12.510528	-0.696730	27.303591	161	160	175
15.401238	-1.439610	38.818508	5	3	25
10.068025	-3.927850	35.943535	151	141	151
9.783502	-5.760993	32.743458	189	176	184
15.240895	2.333283	27.615837	128	126	134
-18.231449	-9.853015	45.904587	53	33	29
-23.329227	-4.718004	49.790173	128	123	140
-20.390816	-12.946416	48.419811	33	18	22
17.183943	-14.829294	48.695992	119	128	150
14.730737	3.471957	28.711140	117	115	123
13.423801	3.252043	27.363806	45	43	51
-22.010899	-11.176210	48.240135	68	43	26
21.961586	-0.230261	46.679455	24	21	34
2.670725	-5.646445	24.793423	17	21	30
6.657691	-3.453477	45.232002	59	59	67
18.518948	-2.593962	38.859165	130	126	140
-26.054617	-6.881042	46.808865	152	140	152
8.461907	3.690955	23.686506	47	50	58
13.232023	-1.386700	32.835274	115	112	128
5.447685	-1.665215	22.576035	202	200	217
-21.791517	-9.728871	40.194016	40	24	20
15.830676	-3.477000	30.955877	41	40	51
15.798328	-1.395349	32.733513	132	130	147
18.709230	-3.539636	36.011208	8	6	15
16.092291	-2.732017	33.337910	109	107	115
19.687702	-3.213603	34.373989	11	9	17
9.393959	-4.012235	34.806026	123	119	130
-19.255514	-12.301048	49.542057	175	174	185
-18.613661	-10.226601	48.391834	140	124	123
-13.939253	-10.094246	40.715702	216	197	188
19.950653	-3.838082	41.972763	17	14	29
13.328321	-11.106530	36.756050	133	139	159
-17.179653	-9.328040	43.397671	43	26	20
-19.574320	-8.420665	48.812386	33	13	7
-16.965975	-7.880550	45.664459	85	68	71
14.521600	3.424542	28.375463	136	134	142
13.246221	3.197477	27.051231	15	13	18
-22.420252	-9.647642	44.479668	25	11	8
11.622204	-6.877562	38.899414	92	79	86
-15.879472	-7.638129	45.679916	195	192	198
12.900005	-11.132893	36.556839	141	150	174
11.908638	-6.596693	38.907265	196	190	197
9.887003	-0.881792	39.248703	118	118	130
-19.004259	-5.576065	44.644184	153	145	162
15.889677	-3.275267	30.877401	140	138	147
18.256935	-3.077973	33.106346	50	49	55
5.929982	-3.250627	40.545727	96	96	104
-25.266912	-6.670424	45.264156	152	142	152
1.825638	-0.934454	16.499187	85	80	96
19.768927	-2.742897	41.591122	132	130	145
-25.655144	-6.409589	45.759441	20	9	12
14.120060	-2.782806	40.328068	66	67	64
3.094230	-1.415188	20.784224	137	137	145
-15.308483	-5.698466	40.122532	178	152	138
6.274341	-0.090918	26.157604	205	202	216
10.538019	-9.158197	29.789474	99	103	129
-25.339617	-6.166035	45.596718	174	163	160
10.802793	-1.509299	27.566750	124	121	136
16.533808	-0.370431	35.615349	24	23	36
11.160586	-2.365047	32.482990	149	138	133
-14.963491	-11.269068	44.753464	77	63	56
-18.355129	-5.587974	43.877808	12	4	21
-13.796308	-5.489458	43.774105	142	142	153
13.308000	-11.343927	36.946281	185	190	216
13.162485	-2.875260	38.958401	41	28	33
-18.428072	-5.396393	44.053589	28	24	39
17.035435	-9.149055	32.041752	87	87	94
18.184296	-4.630545	36.197666	86	86	94
20.436031	-3.529852	42.340103	132	130	141
22.839048	-12.182828	42.900917	87	86	90
18.031715	-0.969526	39.362347	130	129	144
9.107677	-3.941701	32.649361	114	110	119
13.335543	-3.068256	28.346754	1	0	10
13.755215	-1.308324	34.663822	8	6	22
12.150655	-3.718609	32.648968	133	129	138
16.100431	-3.856145	33.705387	132	130	142
6.436338	-2.529947	23.089863	150	137	149
14.964319	-3.713665	32.836349	135	134	149
-22.584377	-4.530723	44.147339	34	28	23
-21.969349	-4.398027	43.366795	175	174	172
7.660739	-3.133199	29.543560	162	158	169
3.298028	-8.202338	27.573368	31	27	36
-16.657335	-6.541055	45.480591	198	169	133
14.281493	-1.505677	35.335213	115	112	128
-17.966536	-5.696997	42.711685	54	31	44
11.406922	-5.136001	43.604858	98	94	105
14.806858	2.262723	26.871185	81	80	88
-19.139074	-5.573054	44.209045	45	40	53
3.077332	-6.524145	28.541019	17	21	30
20.163015	-1.741949	41.775208	52	51	68
-25.416273	-10.256765	48.917194	142	126	117
8.628612	-3.548334	33.288570	182	178	189
-23.158758	-4.738251	44.502869	199	183	173
15.072321	-2.949660	43.048748	32	33	36
22.031162	-5.418193	48.135368	123	123	137
-13.656991	-6.700080	45.169022	153	147	168
-16.630287	-7.587191	49.241055	142	140	148
17.152956	-2.394433	36.311337	65	63	77
-11.599474	-8.374877	33.746750	214	198	192
-21.792196	-4.365907	43.350151	191	191	189
-16.831169	-5.697357	42.748920	73	70	82
6.248791	-2.444341	22.409714	150	137	149
-14.316652	-7.565837	47.271782	106	103	118
11.454875	-6.387020	37.469872	135	127	135
0.928557	-0.916850	49.335407	151	149	161
3.102970	-1.486951	27.447039	31	27	40
-16.192934	-7.747789	46.367317	187	184	190
0.600393	-0.945381	48.988045	38	36	46
16.781143	-0.930223	36.625092	135	134	149
14.152421	-3.432770	29.770248	132	130	142
10.297791	-6.103011	34.457500	92	79	86
10.557528	-3.863475	29.959038	125	112	124
13.745249	-3.120013	29.277771	3	3	15
8.824763	-0.851040	35.106945	122	122	134
2.645591	-1.064987	49.167923	145	143	163
17.271814	-3.368544	36.562454	11	9	21
-18.165197	-10.131400	44.932049	185	155	144
-15.100072	-6.007943	48.072472	162	162	173
-15.782939	-5.869550	41.321465	121	98	86
-18.937895	-5.648459	45.384258	19	15	30
17.242847	-9.233151	32.470066	88	87	92
11.964870	-2.534224	34.907097	90	77	74
16.390457	-3.408496	31.910286	66	64	74
-10.652343	-3.164173	25.524906	153	145	162
11.531517	-2.583797	34.232048	59	39	43
-18.965742	-10.252785	47.879089	43	26	20
16.242737	-0.322686	34.825432	3	1	15
15.818915	-4.005566	31.517296	123	121	131
17.346783	-0.285259	36.711040	6	4	12
5.557865	-3.132871	38.273224	89	87	95
17.862473	-3.097300	37.119007	129	127	138
7.962302	-0.129922	33.223866	115	112	126
16.098267	-1.627030	39.797661	110	107	126
17.819092	-1.473413	37.025913	52	51	68
-19.865469	-11.673244	48.654312	163	159	174
-20.684179	-13.154874	48.884403	56	38	37
14.332180	-4.380416	38.508667	134	130	139
5.005807	-1.252077	44.558632	76	69	79
-13.447050	-5.232761	41.620293	78	77	92
16.185005	-0.414518	35.431892	135	134	149
19.013477	-1.015978	41.486382	130	129	144
15.414465	-3.736149	32.385273	134	132	144
0.981367	-1.028009	49.855412	199	199	211
-15.212185	-4.654326	36.669724	36	26	44
-23.872042	-4.826190	46.448395	84	73	67
-22.610884	-4.590584	44.930107	199	199	194
-20.746529	-8.900764	40.918293	42	31	28
-18.057791	-7.781075	45.065063	51	31	22
-22.812731	-5.027950	45.320625	222	211	208
-11.849598	-8.571183	34.489513	214	198	192
17.321688	-4.328427	34.350994	126	124	136
14.720010	-1.517750	36.324909	115	112	128
15.432197	-2.703681	32.186935	132	130	141
-17.601103	-9.798901	43.524517	185	155	144
16.903070	-3.570971	48.976612	90	77	74
14.931138	-2.103276	31.607931	104	100	114
11.633023	2.751984	23.934149	21	18	23
-19.204870	-8.153540	46.292496	216	196	166
9.278033	-0.189812	38.653610	111	110	125
2.276618	-1.276714	15.850732	96	96	104
13.713591	-3.422468	30.167042	88	87	101
-15.374792	-8.407871	38.786442	134	117	107
-21.515446	-6.310786	42.750584	37	27	18
9.922388	-1.339200	25.602987	104	101	116
0.886806	-0.333398	12.058702	36	22	35
-18.968710	-12.085954	44.846992	56	38	37
-22.275499	-7.255808	43.047272	68	49	29
21.097828	-1.684308	43.678574	82	81	98
11.205258	-4.151057	31.823412	127	114	124
9.180904	-4.028528	35.766827	133	129	140
17.883535	-3.772691	34.737503	48	46	58
6.922059	-0.799830	29.397520	56	58	77
6.249018	-0.603039	24.859617	49	49	61
4.584516	-3.325887	34.155918	204	198	205
6.153279	-3.377254	41.841270	96	96	104
-11.127139	-6.166264	27.522671	175	153	140
13.273962	-2.341219	27.767944	132	130	141
17.598169	-3.788615	37.478691	5	5	17
17.772789	-0.494809	37.837173	31	30	45
17.046911	-0.792224	36.962273	170	169	184
-13.753912	-6.824831	46.125736	20	19	32
2.929236	-6.401792	27.020327	24	31	32
-15.322450	-6.255746	49.284248	160	160	172
3.153968	-3.087358	23.726143	186	184	204
13.677351	3.192612	27.635704	13	10	14
18.310846	-4.355837	38.303768	134	132	144
4.994035	-2.249260	43.944714	31	27	40
-21.984081	-9.315763	43.090797	56	44	43
14.930159	-5.983383	42.599541	134	122	125
6.486570	-0.681686	27.451574	49	51	67
-17.025385	-5.210715	41.244667	18	11	25
17.810518	-2.382381	37.590130	99	99	114
3.255573	-3.929861	31.075016	193	194	213
-23.623259	-7.378310	47.463001	183	158	140
20.639931	-5.141635	40.651165	121	119	130
6.230694	-2.394941	21.709026	170	153	155
6.941683	-0.114141	28.842144	188	185	200
2.160667	-1.001219	14.678406	137	137	145
1.144189	-0.375605	15.115155	29	17	31
14.436543	-1.852498	33.796825	104	103	120
-13.124304	-4.107809	37.133087	196	194	204
14.336907	-2.569240	31.443789	116	110	120
15.403808	-2.016812	32.684734	124	126	141
2.643763	-1.206723	24.068371	149	147	157
-13.153188	-5.298962	42.058846	162	162	173
-16.155350	-6.902785	45.694775	27	19	24
5.993089	-0.533842	25.794882	44	43	63
-16.441446	-7.616590	45.835663	203	198	205
-17.178085	-8.439926	46.558498	31	19	22
15.637483	-2.850680	32.830997	44	41	55
-14.415337	-5.313941	43.950031	43	42	57
-16.718996	-5.238955	47.305172	197	196	208
13.353535	-2.371219	38.815918	152	149	164
6.134714	-2.749830	42.176716	185	183	191
1.745887	-2.126745	16.759840	190	192	212
3.503249	-0.913476	30.426825	25	17	28
1.443856	-1.347042	13.881059	185	181	196
14.370962	-5.833145	41.166172	134	122	125
5.814167	-2.775313	42.941990	193	189	200
-12.722912	-5.167520	40.701321	143	143	153
4.386316	-4.660717	34.032066	170	168	188
-9.245337	-4.459562	31.004328	68	63	82
0.453542	-0.275595	8.309488	193	196	214
3.792106	-2.963540	29.427176	184	179	181
7.830266	-3.086108	27.209869	169	153	157
0.367511	-0.174352	11.840861	33	33	45
2.901782	-3.621001	27.724392	181	184	205
-16.989878	-7.021309	40.405739	208	187	160
17.793837	-2.652543	42.128071	109	106	123
10.965152	-0.908972	47.285423	89	88	105
18.677429	-1.149811	42.975357	5	4	7
13.410859	-5.399169	38.388588	131	118	125
1.007864	-0.891885	11.685427	33	40	55
8.916929	-3.483425	29.133009	160	142	142
16.054008	-1.299245	39.733082	113	111	142
2.041296	-1.843987	19.538149	187	186	202
1.490616	-0.674326	13.606288	49	45	56
15.075387	-1.116650	40.251099	12	15	23
2.740872	-1.073630	36.495480	26	7	21
7.442410	-2.470227	48.047813	59	55	64
4.618606	-4.535326	44.469475	176	173	189
7.587325	-3.018966	25.796371	167	151	148
7.829993	-0.268546	19.744194	62	65	88
