-5.672058	-0.093261	24.150990	185	162	163
-5.466004	-0.116401	24.954636	212	199	194
-5.248525	5.819135	22.955883	63	61	66
1.895826	-6.672529	37.043766	201	202	207
-4.518551	4.887122	19.940998	218	203	195
0.901026	-4.938111	27.418819	206	201	200
3.003075	-7.658609	44.521679	87	78	77
14.541626	2.449568	30.149593	185	184	187
13.960893	1.958737	29.951679	155	149	146
0.404474	-2.803291	16.489368	26	19	19
-17.976629	1.658290	33.803795	30	7	2
9.747500	2.021739	27.477135	180	174	179
-8.470241	-10.026257	45.535484	154	152	160
-0.393046	-2.066310	12.810637	138	130	136
15.193172	2.732379	31.094076	185	182	186
-3.812039	6.859475	31.104221	72	54	29
-9.547047	-10.813730	48.651161	142	141	149
11.456507	3.034219	32.821114	187	179	177
-10.079923	-10.311830	45.965744	204	203	214
-7.647248	-9.705982	45.550282	19	18	25
-3.901684	9.024323	42.498451	153	143	145
-2.902975	5.967554	28.949591	178	172	168
-7.967412	-10.180449	46.882820	139	137	145
-3.689411	6.933331	33.977936	20	3	1
9.808287	9.645832	47.180016	63	53	56
-11.188601	0.199682	27.083435	33	24	18
-19.215740	-0.973084	35.983982	165	159	163
-5.866134	-0.066717	25.819838	106	57	60
-7.051845	3.616687	24.622759	214	205	206
1.236759	-4.498205	24.313192	199	202	206
-2.939687	6.633385	36.559647	177	175	173
-3.367621	5.415203	34.949986	204	192	182
13.211043	3.682367	34.428360	180	178	177
-4.230423	5.372246	48.919918	196	186	187
-11.520914	-10.195292	46.913124	176	176	181
12.553397	4.195322	36.448780	194	188	195
-17.382324	0.385753	36.956696	129	129	129
-2.438355	5.220479	30.803585	184	181	185
11.383555	5.945598	35.938808	183	177	183
-7.239158	-0.373804	30.812853	184	171	173
9.851498	2.885580	26.072897	137	132	131
-4.852592	-0.300914	23.471460	153	147	152
-2.280757	-8.417806	34.798706	186	180	185
-9.017363	0.657518	27.207300	188	162	137
-3.956841	-0.513721	36.029800	161	148	143
-15.604881	0.691286	31.513649	205	183	137
-6.000290	-7.823498	37.632084	140	138	145
-6.722087	3.545797	24.153919	213	198	199
-4.125135	7.342902	33.353146	63	44	8
-4.455447	4.821515	19.669607	218	203	195
0.627046	-3.680683	20.427248	208	201	201
13.303536	-10.260731	39.676346	67	57	57
-6.511088	3.351242	22.805410	214	205	206
-9.507070	-9.327079	41.073219	88	84	93
-11.806991	-10.936777	48.386173	124	119	123
-8.978971	-0.309442	37.525482	145	137	140
-2.419438	-13.165923	47.881836	100	93	93
-19.545443	0.520746	35.972031	159	159	158
-3.508542	7.055804	33.874378	173	166	168
-3.505601	5.710237	36.429840	204	192	182
-3.664142	6.877328	33.808071	22	6	3
10.500358	6.641044	47.953178	121	112	125
-2.269842	5.430878	33.696983	173	162	168
0.400709	-2.923944	17.140795	89	82	82
9.882292	5.191126	31.583099	187	184	190
-4.316330	5.431085	41.208664	78	61	53
0.729436	-2.596749	14.429517	199	201	206
-17.957184	1.657575	33.668053	31	7	3
17.312042	2.186083	37.018555	67	56	53
17.328831	2.471615	37.248375	193	186	183
-3.268833	1.971347	26.197144	36	19	5
13.516425	2.396450	27.876654	184	182	185
10.246882	2.757226	29.626081	182	174	173
-2.843124	4.993884	40.847198	194	183	180
12.965317	3.673141	33.974991	177	176	174
-2.820181	4.217493	39.208328	182	172	171
-2.901223	6.264102	36.553570	163	158	162
-4.053775	4.439092	40.375389	190	178	178
-7.813215	-10.163561	48.663586	120	118	125
-3.439399	4.666946	32.928600	161	147	129
-5.578981	-0.339615	27.008047	22	20	24
-6.453382	-0.364690	29.450335	26	23	24
-15.128017	1.494345	30.463461	65	36	6
-16.024178	1.546740	31.491093	41	20	1
11.247384	2.339566	31.716547	180	174	179
15.821614	-9.627837	44.554745	31	21	19
-6.543779	-0.080867	29.850748	212	199	194
-19.528536	-1.006310	36.427177	144	138	143
-18.020102	0.809395	34.977039	150	128	93
-3.354854	9.135154	36.556526	160	153	152
-22.156088	-2.755005	45.094673	110	111	111
-12.731179	-0.650322	31.593769	163	158	160
-15.663231	0.325953	33.352997	40	41	42
0.568217	-4.173817	26.924963	214	204	205
-3.768981	10.095168	47.113014	95	90	89
-6.238627	3.293161	22.422703	212	198	200
9.365088	7.798084	42.509392	154	146	155
-2.658389	-9.074844	40.048565	56	53	57
-2.849163	-12.247030	44.561836	166	159	162
-2.456206	-10.226845	38.129093	117	111	114
-2.674638	7.810820	39.794193	97	85	86
10.136599	8.565536	38.943630	155	148	151
13.548938	-10.516547	40.545063	64	55	51
-8.016144	-8.965833	40.270985	62	62	69
-3.516884	6.990379	33.569767	173	166	168
-13.357958	1.276389	26.241138	39	17	0
-6.836619	-0.207569	28.752127	82	75	78
-3.581827	6.735242	33.281460	22	6	3
-18.490538	0.816452	36.148544	197	176	138
16.675596	2.054342	35.730812	126	115	112
7.837009	7.620878	37.725365	27	19	24
-3.540483	-10.805715	41.991634	169	166	172
1.152833	-3.163108	18.347189	94	91	88
13.048029	1.810392	28.330791	196	188	186
0.744590	-2.638830	14.586005	199	203	207
-3.838268	2.231145	30.469643	17	8	0
14.272571	2.545928	29.451475	208	207	210
10.323171	2.759629	29.888067	126	120	121
-2.923409	4.335650	40.360466	186	176	175
11.180865	3.218517	29.609528	142	141	138
12.455673	4.147678	36.453297	198	193	202
-5.268602	5.760875	49.200077	18	7	2
-4.023894	5.840716	47.605232	149	143	141
9.056168	7.554283	41.483189	163	155	161
-3.373889	5.680142	46.306171	194	185	181
-9.075965	-8.420190	37.204956	124	119	123
-2.992618	6.570423	38.030865	184	181	185
-3.756989	4.733197	35.930023	33	17	15
8.491853	5.410629	39.000088	70	62	77
-6.241047	3.219735	21.952522	214	205	206
-2.799568	6.361336	40.009945	192	182	186
-3.131883	7.291213	33.599472	187	173	178
-2.039487	6.596437	38.716343	140	133	131
14.882825	-9.169450	41.967697	21	12	11
-4.281579	-0.259350	20.689095	46	41	45
-10.312823	-10.526242	48.838573	198	191	206
-3.427557	-4.065246	18.571869	26	25	31
-5.527961	-0.082826	24.206682	97	52	54
-6.464908	-0.081740	29.118944	166	139	134
-4.378767	-0.781712	33.271030	143	138	137
-3.361334	-9.500090	36.492428	18	16	24
-3.170754	0.910659	29.909149	71	69	65
17.134886	-10.960258	48.939930	47	37	38
-3.449322	7.554190	43.437149	163	158	162
8.933513	5.684510	41.002663	70	62	77
-3.438667	5.814095	47.370033	196	185	182
-7.186234	-0.170758	30.229261	192	179	184
9.916565	9.664043	47.801804	121	111	115
-3.476911	7.144803	34.710205	35	32	30
1.600819	-7.210189	39.259430	32	31	36
-2.747808	2.772547	26.734623	189	178	175
-10.444354	-9.645411	42.627819	124	119	123
-5.629482	-0.460341	49.498966	168	155	152
-4.505163	2.588758	35.744156	13	4	0
13.595611	4.485088	39.710178	196	189	196
-2.176865	-7.816301	31.708954	177	169	175
-2.715483	4.982258	25.101940	73	53	40
-3.929909	4.878814	37.160679	157	138	122
11.040922	2.256547	31.375673	182	176	179
-6.343001	-0.262008	28.367043	191	173	174
9.883961	8.208938	45.349895	152	144	153
-3.114433	-0.551194	23.712326	144	139	138
-7.248553	3.717859	25.514210	189	177	177
-5.598392	-0.249940	26.719482	70	62	68
15.977469	2.212290	34.686760	203	193	191
-4.167830	1.369038	38.478058	66	61	60
12.687868	10.735717	48.781799	126	118	124
9.202265	4.770986	29.755878	186	184	195
17.740871	2.171353	37.840786	126	115	112
-17.818861	1.736433	35.862518	60	26	0
10.991262	2.361508	27.602903	124	123	126
-3.154861	9.070540	45.669155	39	30	30
-2.262704	-8.132559	32.618431	161	153	159
-0.950442	1.772652	11.965301	8	7	13
8.099862	7.815769	38.307003	29	23	28
-3.187407	3.934869	31.645144	187	176	171
-7.414373	-0.250583	31.582468	186	174	176
14.497163	4.861836	42.311058	198	193	202
1.041837	-4.643653	25.496569	28	25	31
1.911023	-6.492788	35.635567	201	205	209
15.786922	2.791020	32.722260	211	213	213
11.467279	3.293795	33.163364	190	179	175
0.386070	-2.428381	14.172248	91	84	82
14.546564	2.021459	31.538637	202	192	189
-1.786144	2.241333	17.959330	36	21	25
13.953907	2.857055	39.290863	183	177	179
-0.254949	-1.563473	9.551020	143	135	141
-2.963747	1.001473	27.299370	160	150	151
-3.756333	6.997725	35.179386	22	7	0
-5.245361	-0.749470	39.129650	82	80	81
-5.937079	3.074410	21.141588	214	202	204
10.734764	3.236865	32.638786	60	49	45
-0.191333	-1.515128	8.532821	202	201	204
-3.914872	0.022593	30.439808	31	31	28
-2.582446	7.462021	37.284775	151	143	138
-8.666492	-8.217762	36.702057	185	186	187
0.983813	-3.164675	18.307434	67	66	67
-2.380226	7.646989	45.289120	178	168	167
-4.852330	-0.710202	24.214457	45	43	44
-3.599840	-0.506027	26.933601	81	79	80
-6.025772	3.169378	21.358047	199	189	192
-1.740775	-0.405407	20.898552	89	84	86
-6.823479	-0.260810	28.905218	186	174	176
-3.556278	6.809199	45.812817	186	176	175
10.578524	6.953372	48.667511	61	53	70
-2.913929	4.662287	36.520157	182	180	176
-4.929995	2.600303	38.121464	8	6	7
-2.198195	2.272609	21.285784	80	67	64
5.707038	-7.576927	43.845638	221	214	214
9.778161	2.113906	29.690548	93	81	84
-3.481579	0.458900	28.094879	126	124	122
14.486893	4.309059	44.094727	81	70	63
18.554876	4.218678	45.289486	180	176	178
-3.092304	1.032589	28.357058	66	59	62
10.535719	2.150571	30.140196	185	178	181
-0.363148	-2.146360	13.153354	49	42	47
-1.161416	1.992683	15.043065	187	177	178
-2.506857	4.209320	31.871651	186	181	180
11.660970	3.987946	33.373047	41	31	37
-2.429577	2.751644	28.798637	178	173	172
-0.579710	-4.347745	24.967709	208	207	210
15.616903	4.358177	48.225216	89	78	71
-2.256993	0.179138	18.551598	3	3	3
15.603340	3.413145	47.293850	125	115	112
-4.011885	1.805814	30.329491	12	10	11
-0.911758	-0.153998	10.836128	110	100	101
-4.014794	1.426910	24.408188	193	159	89
13.367259	3.617666	33.591221	29	27	28
10.715058	2.176054	30.687668	186	177	181
11.344257	2.006932	30.880142	149	142	145
-3.827521	-0.652941	45.304440	130	125	124
9.553398	2.449282	24.042677	73	72	73
15.900096	4.982501	43.964649	23	23	23
11.035828	3.365763	32.661762	197	185	184
10.355960	2.542383	31.333826	74	63	67
-3.269172	0.007347	16.612734	18	11	9
-2.438063	-0.437987	11.922256	40	37	43
11.034048	2.091136	31.317541	186	177	181
-5.177448	1.990163	39.187134	9	11	11
-4.080410	-0.243773	18.081846	170	148	151
-2.134182	0.017374	17.405243	10	10	7
-6.871627	-1.093394	37.706631	142	135	138
