3.178947	-11.726780	48.555946	161	161	191
5.249459	3.567586	23.223099	77	70	80
3.705760	0.348925	29.280403	224	200	176
17.956804	-0.392205	33.746922	55	47	55
6.277294	2.897015	18.328016	51	47	57
11.026806	-3.341767	34.561047	38	39	54
7.116989	0.554415	45.351688	196	196	202
-0.427908	-13.803622	44.356312	172	171	172
14.175383	0.137763	25.663889	44	48	60
-18.284674	-7.587337	43.373817	44	30	35
5.061128	2.569383	23.220467	194	184	183
5.074417	0.589796	32.312622	178	178	178
-16.880791	-1.919542	31.507277	189	170	166
6.439863	-3.088922	47.135273	53	15	25
13.212470	0.068039	26.388048	181	183	207
-20.090202	-4.928949	36.144463	164	142	91
7.614175	3.869558	24.227758	190	188	198
-21.323278	-4.974679	37.898933	69	32	12
4.028241	0.609688	30.352627	54	35	14
8.309628	-5.650532	43.307949	133	133	146
5.231135	2.703223	23.558346	78	71	69
5.827645	-3.891546	31.700771	17	17	32
7.765308	-5.390669	45.200691	20	22	36
4.205325	2.886763	28.273571	79	47	3
6.940342	2.925657	30.394457	167	152	143
13.851331	-4.128948	35.807465	141	141	153
16.589556	-4.846648	42.255238	119	118	129
4.935436	3.447086	21.054817	175	172	177
14.113039	-4.652326	42.877087	141	139	149
12.879053	-0.214960	24.403906	187	185	205
12.836709	0.597800	23.881014	33	31	32
6.344416	-1.919690	40.276455	31	13	15
13.319319	0.610375	24.317057	26	21	30
5.457142	-0.378533	35.611832	14	7	7
6.724686	4.573900	23.743458	23	22	27
12.685891	4.757530	27.610750	21	21	30
2.525683	2.098618	33.372269	48	43	5
3.641881	-0.437445	28.105618	14	10	31
6.700181	-3.483082	39.529015	166	169	180
5.095310	-1.156176	46.162041	38	33	49
17.418692	-3.225268	36.720383	149	140	155
0.259182	1.871143	31.811855	55	69	37
6.968325	3.871911	22.015383	208	206	215
7.912652	-11.785149	48.364784	181	172	194
0.644994	1.746785	31.891497	193	194	199
13.925386	-0.830717	27.357275	28	15	10
-3.867533	-3.586864	48.363560	29	22	36
0.493983	1.363711	30.615650	222	220	230
10.027696	-2.247643	32.275574	184	181	199
5.655791	-1.096197	47.716030	138	135	149
12.402391	-0.757691	30.636282	164	149	143
0.620437	1.362753	29.392397	222	220	230
6.076011	-3.284724	45.851601	187	185	206
8.728807	-0.574471	21.973936	101	88	86
8.400066	-5.565514	45.274086	41	43	57
0.534725	1.808667	33.739159	196	197	200
11.608462	-0.699249	29.294300	72	51	42
0.291647	1.981796	33.888283	44	56	36
6.701293	2.802768	29.242285	167	152	143
4.579294	-0.545936	35.380875	27	23	36
-16.110058	-1.852515	30.056364	209	184	173
14.187559	-4.221249	36.681694	138	138	148
3.516981	0.385753	41.371716	75	71	91
6.889063	-0.461042	45.077782	43	36	39
1.187543	-3.665421	30.986855	153	144	159
0.183336	2.486757	46.463142	181	183	183
7.756493	4.307517	24.500502	185	183	193
4.768422	-1.363076	34.312172	166	169	183
7.470401	-2.225015	48.035843	36	24	34
8.801729	-6.018023	46.220982	114	114	128
19.001122	-3.390235	39.956463	149	140	155
-19.617353	-4.773020	35.304802	206	179	121
20.065853	-3.449830	42.304928	134	134	142
7.952925	3.957244	22.416920	7	3	14
8.055184	4.083707	25.565798	171	169	179
-18.785553	-6.740993	44.641296	67	64	70
4.992063	-4.772396	35.940319	147	145	157
5.062512	-0.945379	42.565182	138	135	149
6.327391	4.305242	22.344439	23	22	27
13.799200	0.054196	27.546543	109	112	134
13.556109	-3.304105	36.159019	13	0	11
6.619525	4.633335	28.269100	222	217	224
12.390111	-0.201610	23.480947	187	185	205
-20.095369	-4.737892	35.692032	163	128	82
7.848701	-11.953962	48.693211	144	133	156
0.686197	1.537429	33.220852	184	184	194
2.991694	-11.089334	45.883621	137	135	163
15.691579	-1.516781	32.518822	14	15	16
11.662419	-1.435585	30.681448	29	24	27
15.120776	-4.997797	45.926338	74	74	82
13.658028	-4.141960	42.804970	45	48	64
3.832709	0.358418	30.260761	203	177	151
17.498775	-1.795352	36.834824	135	131	140
7.796143	3.675031	22.969536	133	130	139
12.465334	-0.721530	30.330627	74	61	56
8.569885	-2.031388	27.366331	88	86	98
5.388535	-0.433499	35.027241	30	23	26
5.546669	-0.697606	43.271851	26	24	34
-17.152821	-0.631441	42.037518	32	22	23
14.122903	-0.735145	27.192688	45	34	30
6.843231	3.716777	21.085114	15	13	22
11.133058	-0.740922	27.738655	52	37	35
10.349262	-0.757165	30.191736	119	102	92
1.956570	1.643316	27.086666	45	45	24
4.369078	-13.440341	48.564728	204	200	232
-16.885494	-1.226393	41.385521	29	26	32
5.866696	-1.658581	41.992615	142	146	159
0.273572	2.125524	36.752941	136	144	134
0.498611	1.385419	26.623032	193	193	201
7.717302	3.885129	22.000156	18	14	25
7.604087	3.895308	24.094442	151	149	159
12.656381	-3.777222	32.985485	83	83	93
7.947410	-1.515611	26.617992	62	58	75
3.392857	0.367181	39.827991	75	71	91
5.136174	3.645173	22.586796	214	208	215
3.450196	0.333773	27.824581	195	160	97
6.067241	4.196711	21.643578	23	22	26
-18.289217	-2.051241	33.984097	209	184	173
2.251618	0.394605	27.357128	47	43	59
8.304273	-1.850273	27.022615	166	164	184
12.828546	-3.167763	34.184479	8	0	10
4.680338	0.676812	34.971371	35	20	18
-17.956697	-5.458580	32.490196	28	18	18
-14.863246	-8.112889	48.235825	193	189	209
15.644978	4.224573	29.965105	122	124	127
5.278799	-4.011130	33.389992	45	45	61
-18.679165	-4.523439	33.265339	135	116	68
8.910506	-6.106320	47.079571	138	140	154
7.117795	3.882057	22.490650	222	220	230
8.008066	-5.315059	43.135117	32	34	48
7.975598	3.323631	34.548378	179	162	153
-17.420219	-1.629831	32.392673	30	25	27
9.592712	-2.405413	29.955219	185	182	199
14.764535	-1.047713	29.612947	54	32	27
7.486241	3.525249	22.049183	159	157	167
16.559008	-1.121477	33.088768	54	32	27
2.521751	-10.412950	38.341930	143	139	164
0.215328	1.220882	28.317842	55	53	63
3.722404	2.850833	20.030916	173	166	169
4.387448	3.573767	25.080099	79	70	69
5.516352	-0.714247	42.655457	26	24	34
6.209073	-9.173056	36.833664	21	17	41
-15.912283	-1.820896	29.563908	207	181	163
6.978741	3.661688	22.830593	27	25	33
-16.002453	-1.520023	29.730360	44	37	39
15.654263	-3.946117	41.941460	5	0	11
2.961440	0.483338	35.388004	18	16	36
9.869946	4.579077	27.495655	160	153	161
7.348952	3.730699	23.243526	189	187	197
5.984015	4.204614	26.186266	213	206	216
7.191531	3.562208	20.576124	45	41	52
12.514231	-3.761309	32.597736	138	138	148
2.339937	-8.674372	35.605423	159	160	193
1.291790	-4.189851	33.961048	105	96	110
6.843348	-4.796025	36.747475	122	123	137
0.595235	1.564011	31.006414	187	185	195
8.317698	3.445302	35.961491	147	130	124
15.562911	-1.531701	32.005371	11	14	16
-17.413500	-2.880421	43.456181	135	130	133
7.914396	-1.919876	25.294304	92	90	103
9.749104	-1.730693	27.993298	88	81	93
9.967882	-2.673907	40.529964	48	47	64
11.300735	-3.237918	35.680954	28	27	43
3.969321	3.247815	22.748638	21	13	11
0.167168	1.020285	23.606176	74	72	82
10.437318	-2.021605	34.835239	59	56	73
4.068015	3.120771	21.910706	110	102	108
7.989521	4.359200	24.285240	10	8	18
12.343464	-1.081049	32.436069	26	15	15
6.605119	-4.752968	40.223579	13	15	29
8.075995	-5.694862	43.575611	137	138	152
7.795109	3.876267	22.210957	9	7	15
2.314550	-6.481718	26.393322	199	198	236
8.002925	3.703306	22.277054	176	171	176
0.775015	1.992492	38.583778	164	162	172
2.561366	0.394588	30.345375	29	26	42
15.948152	-4.096560	42.915859	7	0	13
6.101296	4.333807	26.772055	213	206	216
6.210221	3.136906	19.608147	211	209	219
6.925343	3.705736	22.810652	6	4	12
1.744121	1.459867	24.386578	45	45	24
1.908131	-5.699297	46.726555	166	157	171
-1.400228	-3.675082	46.007877	65	58	72
8.543988	-1.210095	39.292553	46	39	30
5.740590	3.588193	21.586510	9	7	15
4.766216	3.703738	22.227169	193	191	194
6.756178	-3.566505	42.170509	20	18	30
8.140548	-1.771143	26.399422	202	199	215
6.931316	-1.924356	28.844799	59	56	71
14.836649	-1.453933	30.515995	8	8	11
5.297584	-3.848625	29.251949	137	138	152
7.274888	3.944023	24.028318	4	3	8
4.667592	3.322553	20.996922	214	207	217
3.794404	3.110569	21.641539	16	10	10
4.043512	3.028842	21.821291	91	83	91
0.778144	-3.175453	27.280821	17	14	25
4.140481	-0.597651	32.061779	26	24	34
2.474200	0.330516	29.473816	18	16	36
5.011351	3.908503	23.785915	189	187	187
9.491426	-0.705175	28.885069	194	174	167
9.922853	-3.270867	30.644197	146	144	153
12.362108	-1.113256	32.588882	40	27	28
8.524019	3.774534	23.069317	7	4	8
0.286604	0.791163	15.231641	52	53	43
8.543865	-1.210079	39.291981	46	39	30
2.193517	2.503153	34.550884	170	213	146
12.157869	-2.149863	34.248047	91	85	100
4.817280	-1.686133	37.215397	12	15	23
5.147328	-4.539044	34.975216	172	169	185
7.263263	-5.299281	40.870613	159	162	175
9.881816	-1.944170	33.564426	55	49	61
3.752140	3.121681	21.710670	12	6	6
5.966846	-4.178254	37.425247	13	14	26
-18.511587	-6.411688	44.646549	29	27	35
5.570240	-1.540929	39.327881	168	171	185
9.301277	-2.590263	25.731054	12	8	19
11.446026	-3.738060	35.259651	90	88	99
2.472203	-2.337100	28.528971	169	166	183
9.491390	-0.705173	28.884964	194	174	167
6.062160	-3.554907	38.004299	16	15	25
-19.731432	-6.727736	45.706230	190	185	203
5.541421	2.876946	27.918621	205	196	199
4.941638	-3.661722	28.007242	159	162	175
4.203068	-1.257719	28.420031	141	140	154
11.987967	-3.341369	33.161171	15	15	25
1.875591	-1.699555	20.986622	163	161	173
8.256387	-1.846481	36.203392	178	149	144
8.053785	-1.067952	36.458183	40	34	25
3.952523	-0.322546	49.060909	116	110	117
3.155967	0.377794	47.775753	176	178	194
12.559491	-1.431356	32.234543	36	36	40
-0.482865	-1.972926	22.490919	27	20	32
