3.054183	4.363255	44.015705	64	60	69
19.627935	4.983282	49.990776	39	37	57
12.466511	3.275654	33.264034	39	38	55
16.004431	-10.746806	42.275520	176	187	215
7.010707	-0.761982	30.336309	10	4	17
10.123193	2.540972	27.814981	31	28	43
10.446713	-0.771765	37.873524	153	145	153
3.265989	-9.922990	40.041405	43	43	51
-21.315195	-2.798514	39.915169	150	150	163
0.244746	3.456804	40.179855	212	198	215
6.921255	-0.345895	31.327059	195	193	205
0.245566	3.466490	41.246151	210	197	216
11.443871	-10.696249	35.069523	32	58	163
14.672412	-11.121815	41.763882	132	133	154
-23.712675	-9.547483	46.714252	48	31	25
-20.998480	-2.851730	40.080109	217	216	229
-19.569960	-3.771019	42.120422	187	186	202
9.923174	-0.909599	27.416086	137	128	132
-3.347481	5.065841	48.035324	47	46	51
10.514253	-0.435479	42.165531	219	215	225
8.328887	1.583795	22.252567	46	48	66
-24.076017	-3.974778	44.392605	190	183	193
10.597057	3.188109	25.650042	148	147	162
7.442728	-0.201072	33.110165	145	143	155
7.243415	-0.086783	18.837595	17	15	26
9.178066	-0.040507	36.169056	189	187	199
16.039885	-9.994863	40.632008	127	128	151
18.410685	4.577180	45.940132	31	30	45
-27.956945	-10.493071	48.438171	181	182	204
-0.900671	4.603460	43.702805	46	45	61
-20.777779	-4.590706	45.538269	176	168	176
9.765402	1.615837	26.828394	69	64	60
2.902113	2.525675	43.049046	31	27	36
2.274600	-6.684236	42.886787	142	152	164
2.681872	2.568168	43.766258	26	25	30
6.452945	1.031238	18.344955	16	3	20
5.127141	0.685542	12.660973	172	169	185
9.821670	6.705201	41.025440	195	194	204
-24.149422	-9.897595	45.930408	29	24	26
-2.074701	4.936069	45.949169	73	72	87
-20.817711	-1.667313	42.925331	153	153	163
-22.185507	-1.931656	47.138241	168	168	180
-23.747234	-2.276520	41.445595	220	184	106
2.514922	-6.799251	42.523613	29	37	42
12.939063	-2.607140	39.546124	170	161	176
3.844684	-1.666887	38.394543	165	162	177
6.823546	3.324981	28.499336	66	67	80
3.800356	-1.917717	38.751026	55	52	67
6.808964	2.095408	16.310667	156	158	171
-1.869083	4.272992	38.029732	175	175	187
-2.748346	5.208796	46.299442	210	210	218
5.389186	1.625340	48.798523	143	141	153
8.813257	-0.017893	21.650898	94	94	106
-20.743496	-12.053855	43.159409	162	173	186
4.052913	1.096830	37.390659	13	11	23
15.791774	-9.951225	39.495762	34	35	58
-24.280149	9.952874	43.324844	76	66	70
16.499796	4.213845	46.812717	160	158	170
0.517742	3.646358	37.777817	46	27	34
-20.620842	-1.704327	42.562218	149	149	157
18.325489	-10.863357	36.194035	84	24	37
-19.772501	-1.685644	42.090904	176	176	187
11.306774	-2.341929	36.716400	52	44	52
13.077564	-8.778822	34.528996	160	170	196
10.412756	2.611373	28.709488	35	32	46
12.835695	-2.896758	39.227779	99	90	105
10.301745	5.513864	40.861027	23	23	31
8.041907	-0.006398	19.789907	131	131	143
12.973097	2.705813	28.892801	91	90	107
2.807500	4.043416	41.394318	36	32	41
8.537951	-0.059678	21.264891	128	128	138
6.310924	0.197778	24.540636	142	140	152
9.822496	-0.138068	25.546164	17	15	26
-18.782049	-4.162068	41.269592	126	118	128
10.895646	7.426182	45.908932	199	198	206
10.848251	7.437341	46.670418	177	174	182
12.303016	3.259556	27.232695	9	8	26
9.607248	2.530194	25.793381	33	30	46
9.437017	1.995912	20.420946	131	131	143
-23.880980	-3.897825	43.942917	215	208	220
11.341935	-2.308589	34.901535	173	163	181
0.193462	4.007419	48.127796	170	162	181
-19.350395	-3.691564	41.622414	181	180	196
-2.475954	4.853752	43.159416	215	215	223
1.898782	-5.026708	31.405134	18	30	35
3.867034	1.029963	36.094986	75	75	87
4.935663	1.419810	10.124701	84	90	95
10.538685	-0.444447	42.230366	185	178	192
7.612718	1.909793	19.068483	18	16	35
-2.822729	4.587844	43.612717	75	75	83
-0.821893	4.203069	39.999889	76	75	90
-21.007357	-8.469582	41.466763	119	105	100
15.541037	-9.704226	39.466808	142	142	168
-21.260260	-2.800998	39.829441	150	150	163
2.776149	2.409026	40.926613	31	27	36
2.044332	1.912174	32.489685	65	64	69
-3.000272	-11.106888	44.156857	180	191	194
8.454229	1.356063	24.034163	16	3	20
12.401369	1.850642	33.762299	186	185	181
6.866235	0.930382	16.989792	172	169	185
3.119455	-9.693339	39.064842	41	41	49
11.987040	-2.866867	37.744789	119	107	121
3.510655	-1.506859	35.133228	193	190	205
2.229502	-6.522604	42.133926	83	96	112
-18.871614	-10.955353	39.361130	134	147	159
3.453443	-1.777755	35.436031	169	166	181
9.744297	1.810743	26.162762	55	57	73
13.810499	-2.557874	45.433697	161	150	158
0.582287	4.357232	45.562550	46	27	34
9.844445	2.040563	21.988289	91	90	107
-1.117561	5.171373	49.500858	162	161	178
-20.030409	-3.688257	42.856400	174	173	189
3.654481	-11.669889	46.916660	41	41	49
-24.546862	-4.015533	45.124969	215	208	220
8.016349	5.439526	33.909397	207	205	213
4.541924	1.136495	11.386056	15	13	33
11.405928	-1.127905	31.712471	143	131	134
-0.082131	2.598507	25.586840	171	170	185
12.407774	6.641850	49.337086	23	23	31
-21.691969	-2.112740	43.924667	28	29	35
2.104130	-5.565361	34.704468	18	30	35
0.182883	3.870385	46.081474	170	162	181
9.885348	-2.424008	31.261122	105	94	104
-19.545481	-3.170604	42.626556	23	23	35
-19.333956	-4.271235	42.433441	126	118	128
3.697666	0.885219	34.527355	110	109	124
9.629324	-2.188423	29.364378	94	85	100
14.472947	-3.070292	47.169838	101	92	102
7.776101	1.201896	22.116089	29	13	32
12.401369	1.850642	33.762299	186	185	181
13.963962	-0.030417	34.522068	145	145	156
-24.647568	-2.840664	45.313023	37	37	48
12.865280	3.314207	31.575935	139	138	153
-21.027979	-1.716225	43.621693	162	162	170
-21.403603	-8.648915	42.332329	101	87	82
-3.257146	-11.787107	46.850567	180	191	194
3.829832	0.526158	9.464010	167	165	178
-20.322935	-1.826569	43.215271	180	180	189
15.961625	-10.651734	41.879948	148	158	185
2.478766	2.386678	39.401569	26	25	30
9.316636	-1.885258	28.659487	156	146	164
11.280684	2.033580	33.018147	141	137	156
1.972906	-5.615086	36.304806	129	141	153
7.185823	1.784114	19.777491	51	48	62
17.498547	-0.312612	45.570095	12	8	19
-20.587519	-6.850840	48.303341	126	125	135
10.430059	-1.036619	45.692768	31	28	40
11.109102	-0.425945	33.602806	30	19	26
3.873604	-0.799179	12.552042	131	123	130
16.939718	4.425743	45.851234	35	32	47
11.384435	-2.673938	34.779152	110	101	115
9.564528	-0.081810	23.973194	41	41	51
11.702130	-2.972409	36.940308	77	66	75
8.730320	-0.924390	24.305614	140	129	131
4.375001	1.422214	39.779125	166	162	171
9.680346	2.522200	21.472992	9	8	23
8.981553	1.370849	25.501698	29	13	32
-21.726963	-1.910461	46.083134	180	180	189
-22.608324	-1.929810	46.556221	123	124	131
6.536243	0.180669	25.439077	156	154	166
-19.286203	-7.817155	38.317001	101	87	82
-17.467012	-3.218704	37.372616	135	134	149
5.128184	1.192031	48.910244	85	84	101
7.576889	1.370485	20.295649	62	64	78
10.933752	-1.997626	35.684814	168	159	168
11.204803	2.849306	28.340820	15	13	33
-21.322962	-2.938456	40.376625	147	146	160
-20.978964	-3.323135	45.516277	24	24	36
0.096556	3.542940	43.091850	160	152	171
-2.849826	5.262836	49.253643	197	197	205
-2.486827	-9.024276	35.837723	178	193	193
7.108923	4.720686	30.172892	197	199	209
2.790709	-9.165176	36.712101	29	31	31
15.103230	-9.908496	39.084457	162	169	194
10.941789	-2.242118	33.780975	156	146	164
6.487838	-1.404728	21.046772	25	18	28
6.559372	-1.112255	18.590919	119	107	106
-2.096079	5.120617	47.938679	180	179	194
-1.032572	4.735474	45.858875	162	161	178
14.531233	-9.661489	38.649879	103	114	141
8.129819	4.195771	32.161831	75	75	85
-2.873053	5.999438	49.640289	70	69	74
-19.448767	-1.905404	39.472923	28	29	35
2.040933	-5.612711	34.624531	18	30	35
0.542372	3.916094	42.253525	49	27	35
-0.216229	5.055381	44.459301	38	42	57
6.830823	-0.119825	17.794584	39	32	41
-18.078657	-6.004243	42.502575	94	94	104
2.020687	-5.744318	37.058262	129	141	153
-1.923974	4.736513	44.075417	73	72	87
18.554403	-12.295768	49.102978	166	175	204
9.371085	1.439468	25.480455	183	180	175
4.807665	0.823930	12.072093	172	170	188
-20.354504	-8.224460	40.557468	44	28	22
-19.372587	-3.436622	41.388058	193	192	205
-20.397923	-1.954476	41.356396	53	53	61
14.721591	-3.706823	46.470467	125	113	125
14.459429	-3.346392	46.885555	34	26	35
13.769921	-2.838771	42.329655	173	163	181
5.083356	-0.835326	14.334663	119	107	106
2.047205	-5.407025	32.822559	25	36	36
8.290785	1.518372	22.032879	44	46	64
17.033508	-10.378836	42.292759	45	47	65
-16.621696	-5.483285	39.059170	110	108	118
18.001755	3.773670	40.114025	155	154	170
5.377000	1.874557	49.314671	173	169	180
-0.224017	4.726830	40.839211	39	43	58
5.181911	1.256504	49.438381	72	71	86
9.087560	2.337256	22.892525	15	13	33
22.121376	4.871080	47.519745	129	129	141
-3.197420	4.975711	46.272430	51	50	53
12.244117	-0.488373	39.134846	178	162	168
3.366190	-11.032864	44.139957	29	30	33
-20.326061	-3.303637	41.907097	65	63	81
11.098606	-1.283935	30.900843	138	127	128
10.944198	-0.404600	32.761921	34	23	32
5.303668	1.115676	12.770370	18	18	28
-22.679392	-2.102057	47.680370	182	183	188
9.422492	1.428824	23.566147	160	159	174
2.094054	2.989496	32.764645	95	92	98
7.244148	4.689612	30.554062	186	188	201
0.294134	2.245962	36.678757	80	29	32
-22.308165	-4.004858	47.398254	188	187	202
8.143123	1.964710	21.148748	158	157	175
14.931585	2.136866	42.153984	58	28	42
15.590075	2.908933	45.981327	153	150	166
6.837304	3.404771	26.548555	65	65	75
6.220352	1.284847	13.914674	91	90	107
-3.490608	4.069429	44.429680	166	166	174
11.493228	3.013906	25.563057	11	10	27
7.265924	-1.263713	23.612303	161	150	158
16.449389	-2.089021	46.452904	143	131	127
-18.418146	-2.391379	40.842266	113	113	125
3.030306	-1.207802	33.781300	197	192	208
7.939464	0.767023	19.067186	12	13	17
-1.873146	4.643301	38.972389	40	38	48
2.637247	-8.143771	46.739269	24	37	37
-2.116308	4.186332	39.092659	197	197	205
-0.183819	3.115281	35.057156	145	152	166
6.200562	3.055694	24.043343	65	65	75
2.428558	0.402992	6.884941	113	112	129
1.077955	0.667044	28.760567	52	59	73
0.471433	2.669929	30.288471	50	27	40
-0.204149	2.804403	31.793055	108	115	129
-2.622403	3.201607	36.229992	162	165	176
1.783503	2.154947	26.669527	21	17	26
1.777412	1.764592	26.574839	48	45	51
3.490467	0.535166	9.136113	54	54	52
11.456212	3.762883	42.506958	165	163	175
