-0.557571	3.564727	38.088100	119	134	148
0.379914	-1.869562	12.463749	165	175	204
-4.077549	-6.915659	47.417694	31	35	46
-2.086767	-4.674667	33.958469	187	190	200
4.109076	1.871654	33.280506	109	119	123
-10.942720	0.860378	19.747578	177	183	187
0.343570	-2.038915	12.911718	38	45	55
20.707836	-5.234163	39.859810	131	137	140
20.157715	-4.938229	39.421852	81	88	84
21.080751	-5.042164	40.260601	51	56	62
-6.746614	6.688291	33.051582	57	40	27
-1.130908	6.852897	34.270367	212	200	205
-5.037862	9.230166	39.667580	195	179	166
10.743128	1.023432	28.238268	186	188	191
-14.144777	-12.765306	41.695858	35	40	31
8.452566	6.505256	33.271309	172	182	189
-4.565229	-9.278681	30.728765	167	158	78
-9.744226	-3.565428	19.760557	146	151	155
8.356230	0.724552	22.615124	72	74	72
-1.811671	8.999608	38.337677	145	131	133
10.480235	-12.049182	40.741955	115	77	81
7.319855	-8.370691	28.391195	209	171	177
9.157145	0.475569	25.321255	180	182	182
-9.232730	4.962151	20.240747	191	195	197
8.789189	0.465141	24.864779	203	203	207
13.976999	0.746882	35.924973	143	147	151
-1.792045	-5.841862	30.269768	169	171	171
0.130959	7.433643	31.391510	146	140	145
19.845524	0.803930	49.275150	126	132	133
7.242860	-2.263942	24.423492	140	154	162
4.815380	7.428751	42.439243	25	21	17
7.246370	-2.271981	26.839602	128	133	137
-11.061056	-8.941408	30.904005	47	42	39
7.131909	-2.013933	24.059368	147	158	165
7.868731	-0.058799	22.498180	201	202	205
7.306865	-1.893462	22.619574	81	81	91
-5.717311	4.459679	35.325245	185	164	162
18.419245	-10.590881	37.037823	175	182	184
9.287108	-2.036774	25.119671	125	168	168
-9.017241	-9.681745	33.931385	167	169	166
-12.840022	-9.807388	34.584171	167	167	164
13.226412	-2.441732	33.962547	48	57	57
16.325321	-2.842365	39.517502	39	45	48
7.745814	-5.187828	24.589565	50	59	61
-0.223443	2.841164	22.777653	52	52	62
7.887684	-5.476670	25.346081	143	150	150
-9.292673	4.789890	20.197252	183	187	189
18.596043	-9.782594	37.096588	71	76	80
-8.582150	-0.853954	37.109993	134	137	144
-0.112120	9.598969	38.857956	187	177	186
8.955250	-0.710486	25.036419	154	156	156
12.531984	-1.007967	35.024654	161	161	161
8.105602	-0.729206	23.889151	230	230	234
7.551753	-5.946998	23.977789	130	133	125
7.681414	-5.763983	23.156218	141	143	141
14.206747	-7.846956	35.439857	45	47	44
7.457116	-5.483402	22.765415	44	45	48
13.720366	-1.270747	40.650799	188	188	194
7.553735	-0.807032	24.807571	179	180	183
7.653729	-1.031802	23.117075	119	139	144
8.602184	-6.203676	28.037256	52	59	57
15.795977	-7.583846	37.313679	61	66	62
8.054317	-4.721027	21.992346	142	152	152
-10.415885	5.312345	26.655151	22	15	9
9.669911	-2.303591	25.980188	145	178	179
7.183711	3.799546	30.725636	146	178	114
3.794376	1.746232	31.168022	132	142	148
-9.859960	-3.616151	19.996943	110	115	118
6.178924	-0.668946	20.282766	183	184	187
-9.425954	5.078018	20.679420	191	195	197
17.159014	-8.137053	40.262337	74	79	75
-6.355607	4.903158	38.500580	212	189	190
8.578830	0.731979	23.203892	54	56	56
-9.302445	5.015165	21.155943	163	163	171
-9.684005	4.995164	21.044266	157	161	163
14.123999	0.753972	36.241741	143	147	151
-0.115146	9.113904	37.200939	184	176	188
7.891744	-5.324545	25.184378	88	97	98
18.205622	-4.375595	34.878735	51	56	62
1.489059	-6.256959	21.599682	209	174	181
15.567150	-3.791597	39.733231	54	59	63
-3.967932	7.299119	31.348606	194	178	165
9.300372	0.463544	25.695427	151	153	153
-12.920851	-10.383842	35.993904	47	42	39
7.388571	-2.332953	24.953817	114	124	131
21.174969	-5.336595	40.952496	110	116	119
9.563282	-2.101571	25.865068	64	126	120
9.388461	0.498599	26.614330	158	158	167
15.599460	-2.851492	40.067375	36	45	45
-12.383723	-13.240019	46.235493	169	171	168
12.767977	-9.235920	41.637344	42	48	47
16.074232	-2.776381	38.917713	39	45	48
16.135021	-9.252209	32.573383	175	182	184
-13.686419	-10.460661	36.869717	167	167	164
-6.119762	6.090707	29.941252	57	41	28
6.563640	-4.593000	21.271471	125	131	131
15.697436	-8.270879	31.405766	54	59	65
18.268803	0.745589	45.468529	133	139	142
8.071102	6.054277	31.019474	183	192	199
10.267237	7.790839	39.681351	179	189	195
8.948663	-2.168293	27.487185	43	42	55
7.655728	-6.005214	24.286423	130	133	125
7.038368	-5.212429	21.618561	42	43	46
8.991490	-0.078270	25.677650	208	209	212
15.089607	-8.372468	37.798412	45	47	44
8.143419	-0.773996	24.109413	228	227	232
0.247055	-1.240555	8.235435	155	161	181
1.082458	-6.495268	40.158009	100	107	114
8.513560	-0.903440	27.966665	161	162	165
-10.157784	-0.998460	43.830063	106	109	116
17.553503	6.442069	31.692110	168	171	178
-12.235173	-9.936480	35.041504	174	173	167
20.655794	-5.084920	40.525787	49	56	54
-6.667109	-13.475169	44.464340	167	158	78
4.056197	6.292373	36.206314	67	59	54
14.475400	6.733638	30.477150	145	150	157
-1.144915	7.933772	42.069675	85	67	67
7.263983	-5.458039	21.977192	77	79	76
-1.011862	6.739075	27.666677	181	169	173
-11.057817	5.646946	28.308777	30	24	17
-0.454796	2.996976	32.012112	119	134	148
8.282061	-4.871065	22.623343	164	176	177
0.140451	7.960546	33.616577	127	120	126
-1.082941	7.251010	29.766214	186	174	179
-9.329258	5.015358	21.162073	153	153	161
-12.280449	-9.996605	35.193165	173	172	165
19.911114	-9.382311	46.507881	74	79	75
-13.370542	-10.742622	37.352901	73	63	62
-7.988254	-8.585260	29.926567	170	172	169
0.293446	-0.769846	19.441956	33	38	48
-0.168515	9.030589	37.083614	181	174	183
18.201174	-10.480094	36.767338	178	184	186
-14.365733	-10.978593	38.550495	129	131	131
-6.219897	-2.062482	42.460064	126	129	138
-2.471146	-8.091609	47.805058	175	174	191
6.863948	-0.732638	22.542992	179	180	183
15.114988	-2.585630	36.569317	33	38	42
17.933872	-3.248333	46.016037	27	36	38
20.544687	-10.869292	40.926914	99	104	106
9.918283	-2.126408	26.653160	125	168	168
14.686686	6.825529	30.914572	153	158	163
7.533855	-1.872007	23.392035	58	56	66
9.986897	7.629150	38.827991	172	182	189
-0.387393	2.244048	22.636761	119	133	154
7.236052	-2.030414	22.886602	154	167	169
0.167079	-0.916541	6.060907	172	180	197
8.428066	-2.037626	22.638142	140	155	160
13.394709	-3.331847	34.363739	54	60	63
18.842920	-4.532494	36.065109	47	52	58
-1.132115	6.847190	33.837044	209	199	203
22.854897	-5.754962	44.243542	75	81	84
7.766886	-0.011946	26.828671	20	23	31
14.808578	0.738148	37.973064	142	146	150
9.409648	0.528889	26.548735	203	203	207
7.237605	0.375505	20.345812	183	185	185
9.180970	0.898688	24.272661	186	188	191
10.258182	0.879730	27.786867	91	92	93
-6.550442	6.531787	32.086338	61	44	31
17.262772	-9.492774	43.299759	38	42	44
7.589152	-5.633668	23.320887	43	44	47
7.468364	-3.877835	26.017145	120	119	124
4.219067	6.432147	37.242916	83	74	69
-11.673807	5.954745	29.875536	30	24	17
4.025346	1.948572	33.762432	134	144	152
-0.732151	7.485849	41.900669	174	161	154
-0.384843	4.323585	24.188709	200	190	189
-0.886448	6.025527	32.116577	87	71	72
7.167513	-1.770138	22.260303	39	38	50
9.876206	0.002850	34.143387	11	14	23
9.690028	0.537268	27.280304	203	203	207
8.747681	-0.824203	25.906858	195	194	199
18.127525	-9.666968	36.191784	100	106	110
8.033149	-0.155430	23.029366	206	207	210
19.822065	-4.974997	38.504326	96	102	104
16.276556	-2.942361	41.996819	32	41	43
13.462698	-2.292255	32.650234	39	45	48
12.347639	0.477415	31.863157	135	139	143
8.514585	0.688768	23.258051	91	92	93
7.569282	-2.129490	23.938078	154	167	169
9.410653	-2.928237	31.836637	147	156	162
8.595876	-0.264234	23.663822	143	144	147
8.074368	6.155320	31.489807	179	189	195
13.376975	-6.298282	31.370481	66	71	67
9.026315	0.878613	23.961500	189	193	195
0.232111	-0.639193	15.424182	33	38	48
15.410522	-8.458801	38.708405	44	46	46
16.443754	7.572184	34.552010	144	153	158
-1.435884	7.521438	36.527611	100	85	77
-14.558364	7.379086	37.187092	31	25	20
8.112843	-6.064026	25.024702	42	43	46
3.961352	1.832481	33.629089	137	146	158
-5.954597	6.063747	29.425512	43	27	16
-3.003265	-5.960594	46.288719	75	78	85
14.551552	6.147430	30.833530	136	143	141
-4.721004	-1.566124	32.224876	126	129	138
0.167079	-0.916541	6.060907	172	180	197
8.692874	-0.265432	26.834843	16	24	29
-1.039352	7.417167	36.028072	213	209	218
-0.596420	5.785782	32.583252	174	161	154
3.275315	4.983583	29.247049	83	74	69
19.300280	0.826350	48.024666	140	146	148
18.121912	-5.441607	43.214001	127	133	134
8.112277	-2.739050	29.941219	95	95	102
9.002375	-6.676366	30.089901	92	97	96
12.277677	5.325735	25.946815	144	154	159
5.459627	-1.571955	17.432596	171	179	184
11.801137	-6.121930	41.109505	119	121	125
8.533793	-1.937997	22.790342	163	174	180
10.427831	1.065544	27.404966	196	200	202
-11.031547	5.491695	41.514900	6	3	2
8.286044	-2.593094	28.028259	147	156	162
14.176379	-2.595766	36.448689	36	45	45
15.966455	-2.740163	38.531033	39	45	48
-2.100631	-6.750039	40.047081	174	173	190
9.915745	0.811525	26.655003	46	47	49
9.062411	-0.283680	24.943430	136	137	140
12.169522	0.769870	33.902420	197	198	203
15.993956	-7.373248	37.079948	22	27	26
8.353572	6.471962	32.390873	188	196	203
8.530218	-0.177766	24.327467	206	207	210
5.621430	2.615436	46.427147	135	144	154
3.472474	5.217997	30.699944	33	28	26
16.268152	0.700350	41.342049	144	150	151
6.726855	-0.071272	23.300579	10	15	24
6.546587	-0.181166	20.231335	6	9	18
-10.799217	5.549515	27.834433	13	7	2
-1.189507	-3.783124	19.828901	141	143	143
8.692352	-5.240952	23.903715	151	160	162
0.287888	-1.686701	10.231396	32	35	42
-1.145441	8.477779	40.658237	214	208	215
-12.467670	7.316085	37.162983	25	18	16
7.050575	-2.178871	24.059174	143	153	160
2.957945	4.315962	25.608227	19	17	14
11.986350	-2.184894	31.161001	27	36	38
9.896215	-0.882502	29.188738	195	194	199
11.795128	-3.072602	30.664526	47	53	56
13.556259	1.443354	35.666046	168	172	174
6.239330	-0.171570	19.290438	6	9	18
12.719992	1.042686	34.389645	121	120	124
7.595691	0.457987	21.451576	197	197	202
7.157876	-0.177290	20.520414	198	199	202
13.466906	0.355712	34.526676	138	144	145
6.498121	-0.080101	22.999306	16	21	29
-14.042725	6.266359	38.142521	40	32	25
6.865316	4.111338	34.927307	125	180	76
7.676834	-1.171954	25.733185	32	39	43
-2.453059	-3.412605	29.343861	167	164	170
18.829592	0.498566	48.072796	130	136	137
7.702634	-4.381818	22.865507	146	149	155
11.765268	-3.649379	36.949486	36	56	57
6.403024	-0.078838	22.671492	13	20	27
1.335146	-1.591080	35.200233	122	137	144
5.879260	-1.781752	20.419863	141	150	158
-8.297256	4.045856	30.862047	6	6	3
10.529051	-2.746747	32.030220	164	168	174
12.222896	-3.635615	28.937096	68	72	74
11.541757	1.383110	30.364532	173	177	181
10.049422	-1.822008	26.479376	30	34	36
19.767433	-3.240354	47.508038	32	36	40
8.059005	-0.226268	24.802670	8	13	21
7.646950	4.536738	38.749218	127	182	77
5.282243	-2.869931	19.158426	127	128	133
-1.403573	-2.517044	19.390013	90	93	102
-2.749052	-5.358806	32.294960	98	101	111
11.486062	-0.480691	34.750877	54	62	67
16.247143	0.043713	40.983517	140	151	150
-0.651093	-1.316679	11.312416	185	185	195
5.281949	-0.155414	18.870003	11	21	27
9.340985	-1.556416	31.014545	45	53	58
0.593486	-0.265815	36.710941	12	20	27
