3.002282	-7.742746	24.516165	93	93	91
6.357624	5.394773	24.777897	172	169	154
6.631609	5.735785	25.572260	57	53	43
6.382436	5.589558	25.049232	96	91	77
6.131164	5.422962	24.371658	121	116	102
7.035651	4.715794	26.924519	127	132	120
-1.851224	3.418986	22.837950	111	110	113
9.808732	-5.546329	20.009932	131	63	25
-1.621641	2.701482	19.422152	87	84	90
3.100278	-1.639858	26.573906	177	180	172
3.072972	-1.462136	25.134823	48	53	49
6.548850	5.860290	25.662489	157	156	145
11.152482	-3.423534	24.549595	184	152	113
10.927324	-1.766593	24.014421	158	165	152
8.114686	-2.264319	25.721207	123	117	93
8.226845	-2.327319	24.085875	165	156	144
10.192271	-2.741936	28.569031	149	149	140
-2.034583	-3.206958	29.993401	52	53	55
11.568006	-3.012901	24.473423	33	35	40
7.293997	-7.667706	25.466652	160	170	179
-2.147756	-3.265186	31.746799	55	54	59
7.472730	-7.688693	25.365015	81	81	85
7.096347	-7.012578	25.714930	205	209	220
8.703933	-8.065516	29.571674	184	188	198
11.707065	-6.008893	20.956417	129	67	25
6.666409	-7.525544	25.867422	57	73	77
-2.909581	-2.860002	29.628668	58	64	67
5.420737	-2.171995	27.863371	160	157	156
11.273600	-1.541311	24.844753	164	172	159
11.191216	-2.926783	23.307079	82	76	75
6.946128	4.729810	27.006256	151	157	143
-1.529798	2.823082	18.862803	157	156	159
2.514788	-7.711308	27.764215	85	80	76
8.671678	-3.048048	27.514315	137	126	121
10.223877	-2.768165	22.903694	39	40	43
5.760361	-6.519482	22.894659	116	125	127
11.927198	-3.251264	26.773119	23	24	27
11.581987	-3.263947	26.865858	124	126	121
8.424041	-3.452903	27.617785	136	128	102
10.669185	-1.508828	25.105865	117	134	127
-6.853156	-6.723221	31.960783	79	81	81
1.617836	-1.060297	26.601702	73	89	87
12.863500	-7.222119	26.161516	160	96	68
-5.780662	-2.929281	19.109564	33	35	36
14.629002	0.541894	25.050510	124	100	101
7.590009	-2.297661	26.092705	112	110	118
-1.419446	2.139285	17.258556	167	163	173
11.657274	-5.091630	22.600657	149	81	33
9.572684	-4.205458	25.017683	93	91	113
5.670369	-2.083704	27.835691	67	69	66
9.659610	-4.931097	24.831091	167	142	123
10.868133	-3.168362	23.329374	58	65	53
13.593376	-4.581147	24.804850	140	66	14
10.138422	-3.104300	22.410660	123	112	96
11.228311	-1.832367	26.244818	158	166	161
12.692026	-4.254714	24.944092	154	80	27
1.771113	-1.001477	26.465160	121	138	133
-5.732585	-3.038604	18.569525	112	113	118
8.097315	4.939194	25.152420	68	69	73
9.368032	-1.588145	24.994032	70	57	49
5.522323	5.025772	26.511017	104	110	94
5.386642	5.105797	26.648756	81	82	66
-11.433145	-5.549950	29.103642	156	158	154
10.729277	-6.165652	22.487301	130	68	36
5.460913	-0.646380	26.137136	104	114	118
3.671492	-9.449623	29.943085	63	60	59
1.610774	-1.447197	28.102703	85	95	87
8.185189	-2.721866	25.600817	54	46	48
13.822167	-3.505623	26.285889	141	129	113
1.573250	-1.473147	25.141281	117	122	118
1.772458	-1.607223	27.911858	138	140	140
5.556134	-2.069440	27.283274	67	69	66
6.344222	5.675356	24.835264	157	156	145
7.149047	-7.605027	25.166670	138	142	150
10.419608	-5.984371	21.773136	130	68	36
6.653990	5.752648	25.620623	57	53	43
6.316000	5.530810	24.780014	96	91	77
6.723407	-7.621131	25.426588	144	155	161
6.499136	5.520871	25.389801	173	170	155
-7.136314	-6.120021	33.757420	77	79	79
11.601766	-6.000219	20.803408	163	93	62
13.376872	-6.869983	23.911497	140	57	25
12.271898	-3.440752	28.585218	124	126	121
8.087317	-7.918946	27.908667	83	91	94
6.412605	-7.263784	25.694515	116	125	127
8.003386	-7.473740	27.310093	139	144	154
-1.930956	-3.046656	28.664907	59	58	63
6.897088	-6.779753	24.865309	205	209	220
8.072051	4.930519	25.136778	89	90	94
8.620968	-2.441558	25.342831	120	110	99
9.534473	-2.565668	26.802752	172	171	161
12.069921	-2.692040	22.286186	152	141	135
7.795526	-3.102880	25.687374	190	174	129
6.009129	4.512954	25.663746	74	82	70
6.774203	4.583525	26.339815	151	157	143
3.138885	-3.856593	32.090195	61	61	61
-2.557642	-2.611779	26.458681	39	44	50
-1.499047	2.221835	17.592777	170	166	175
13.312241	-5.694387	24.129168	155	77	30
12.434167	-3.257421	26.432074	26	30	38
13.352839	1.466149	26.365849	111	92	99
8.206614	-3.364514	26.906868	141	132	102
7.565432	-2.317077	26.004049	95	96	114
11.264869	-4.941685	21.866919	158	92	51
10.707171	-4.823228	22.052511	154	63	34
8.606591	-2.426392	27.425947	139	131	96
14.023719	0.686090	26.027279	110	76	79
-6.731791	-6.716174	31.401052	82	84	84
4.946995	-2.004705	25.514299	177	175	173
11.630908	-1.882902	25.604349	142	149	134
10.715643	-2.711502	20.415668	124	112	96
10.535924	-3.073292	22.647610	47	54	46
11.075327	-1.845299	25.932795	123	131	124
9.186814	-4.698267	23.632277	170	151	134
-6.999578	-4.460987	22.007929	104	104	104
12.014101	-3.657133	26.507395	174	142	104
-10.632215	-5.798911	29.641695	121	123	120
9.929631	-1.703522	26.638016	92	67	58
-5.812480	-3.022174	19.199003	28	30	30
12.095466	-1.660432	26.715565	164	171	165
13.307586	-4.496711	24.352875	144	74	20
5.394486	-0.650221	25.699242	101	112	113
10.473919	-1.522245	24.579332	113	126	120
3.237904	-1.712590	27.753210	167	168	158
1.444400	-0.965714	23.931152	93	107	103
9.398055	-4.163436	24.566429	114	113	128
11.314362	-3.822390	22.191658	154	80	27
12.903487	-3.284386	24.630064	160	144	129
11.190426	-5.092597	23.607239	131	49	20
5.074690	5.218999	26.226242	177	176	159
11.494203	-3.916740	22.114958	158	71	26
10.513191	-2.997392	25.166695	97	99	113
1.685468	-1.552266	26.999575	117	122	118
12.160221	-3.227993	25.897802	24	32	40
8.720918	-8.540636	30.097267	83	92	95
13.676243	-3.015101	25.433702	157	146	141
6.092153	4.123010	23.812014	143	147	133
10.396114	-2.781648	29.290403	172	171	161
7.138992	-6.706238	24.391043	190	195	203
6.504644	5.694322	25.495012	120	115	101
11.830168	-1.653159	26.209044	163	170	166
3.143015	-1.644498	26.344782	179	182	174
2.907300	-1.405895	24.527750	94	100	91
2.449336	-0.996665	25.051123	27	34	32
5.124165	-0.678057	24.714634	72	78	84
4.786834	4.928982	24.830767	147	146	130
5.807271	-2.194780	28.636663	88	88	85
12.148674	-6.990313	25.500618	127	62	31
11.126336	-5.611549	23.413021	148	73	30
12.855818	-5.507432	23.284256	155	77	30
1.526526	-1.419861	28.031685	71	83	74
10.276246	-1.485196	23.665186	156	169	165
-5.008689	-4.754688	19.861338	8	9	12
7.594861	-1.235063	17.664040	113	126	120
10.071583	-5.721675	20.638639	129	61	25
10.697307	-4.731222	20.802956	161	93	54
8.009428	1.216893	24.592346	44	39	36
1.542754	-1.029189	25.905554	78	91	90
-5.769712	-2.993245	19.094387	27	29	29
-6.791097	-6.760627	31.761932	73	73	73
5.562200	-2.253194	29.249924	177	175	173
8.437183	-2.380714	26.853119	139	131	96
7.432234	-2.247698	25.143463	135	130	129
7.307679	-2.255199	25.225513	65	70	95
8.525547	1.411612	24.203959	102	99	100
10.169972	-5.203934	26.264057	173	145	124
-5.616068	-2.972234	18.953552	23	25	25
8.342685	-2.336397	24.544371	152	142	130
-9.115891	-5.124742	25.792055	107	109	106
6.016368	5.731114	29.969301	102	113	93
-2.787688	-2.762062	28.132757	34	39	45
-14.897094	-7.197379	37.977459	116	118	113
12.853823	-4.395207	23.547064	155	84	31
11.151210	-3.233160	24.104124	47	54	48
11.221671	-3.193990	26.213978	121	123	120
10.209330	-2.920560	24.413641	97	99	113
6.205976	4.667428	26.621286	89	101	84
-7.094225	-6.088709	33.532475	87	89	89
-2.099298	-3.367524	31.399078	43	44	49
13.057082	1.415795	25.903744	110	97	104
6.255833	-7.054002	24.868420	112	120	124
7.839994	-3.212302	27.238617	150	145	136
12.034888	-4.083448	23.724527	169	92	37
7.396225	4.550291	23.163685	52	53	56
10.775305	-1.767115	25.104858	123	131	124
6.472588	5.669930	25.424400	134	129	115
3.258052	-1.684849	26.678581	157	157	152
5.785159	-2.400549	31.120584	146	144	142
7.916440	-2.301324	25.474251	161	146	108
6.495302	5.409110	25.355768	181	178	163
3.090117	-1.508623	26.871614	94	100	91
7.847477	-2.255703	22.972744	120	110	99
7.953751	4.899092	25.026478	94	95	98
8.024709	1.314831	22.732962	79	78	78
10.359605	-5.230244	21.792830	148	76	32
9.932728	-2.759583	28.175303	71	68	59
1.711840	-0.993089	23.604490	140	152	148
11.212879	-5.000255	21.803259	161	92	50
11.362751	-4.997660	21.794031	147	68	25
-1.883403	-3.154140	28.923170	43	44	49
12.971421	-2.886589	24.192091	159	148	142
2.779320	-1.698842	28.914566	140	140	135
5.711051	-0.748847	27.512106	73	83	87
6.676782	4.586976	26.280849	143	147	133
9.426740	-2.555606	20.136364	19	24	32
-1.700103	3.028627	20.710270	146	143	147
10.677676	-3.062126	24.855684	101	103	101
11.070500	-2.960500	24.749134	24	25	28
16.105478	0.761119	29.817385	133	99	97
7.775404	4.669080	23.515242	148	147	150
-1.525465	2.526337	18.609222	101	97	105
-8.935256	-5.031430	25.264801	92	94	93
4.998745	5.150630	25.983204	130	128	112
8.650496	-3.542030	28.881001	135	128	94
17.875441	0.549592	32.913391	67	38	34
11.107615	-3.465932	24.628553	170	119	58
-5.902825	-3.066550	19.523914	24	26	26
11.480398	-3.916175	22.187269	152	64	25
4.350086	-1.767353	33.123741	175	177	177
9.148158	-4.923818	24.971909	156	132	120
7.505079	1.092266	23.113447	42	35	33
12.513626	1.325816	24.873497	115	102	110
11.452766	-3.951710	24.424597	160	90	50
15.756779	-5.379923	28.848858	144	67	18
-3.038190	-2.977293	30.240107	31	36	44
-3.320230	3.117730	21.461348	101	143	146
10.400218	-1.106529	26.590967	163	159	156
-1.814414	2.357888	20.279112	74	73	76
2.059455	-1.139348	27.413498	172	179	177
10.285986	-3.259127	21.959015	233	179	125
11.309638	-5.694274	23.764730	148	73	30
5.274736	-0.712434	24.544451	98	115	114
10.041466	-2.742970	28.549377	176	171	160
6.803240	4.808429	26.910673	164	168	152
11.534020	-5.232053	23.870798	146	55	29
6.425686	4.752581	27.248547	72	81	68
5.533705	-2.267926	29.656618	187	185	183
13.530986	-3.034613	25.294672	157	146	139
-1.613382	2.319191	18.001989	181	178	188
10.690718	-3.041026	24.825500	126	129	122
8.628400	-3.585273	29.519068	167	158	117
-5.511650	-2.916121	18.505037	23	25	25
9.986786	-1.610009	23.185434	156	164	160
3.097564	-1.427983	26.336658	32	37	31
11.034131	-3.491048	24.366068	191	134	60
-9.396801	-5.283479	26.585239	107	109	106
11.315436	-3.276124	24.304167	58	65	53
11.119347	-3.018931	23.857908	21	29	36
4.007132	-1.606956	29.082441	198	197	198
-5.916337	-5.258687	28.682558	77	79	79
8.822551	1.504636	24.790964	31	30	27
12.251991	1.366204	24.577223	122	116	121
11.364631	1.436050	27.684652	101	99	99
8.235376	1.211511	25.250486	55	53	49
14.827664	-5.018033	28.969250	151	64	23
13.179338	-3.580953	29.171967	19	20	25
10.911987	-1.624072	27.990906	159	156	152
2.586597	-1.565783	26.813911	170	168	164
4.887587	5.045348	25.189768	161	161	145
15.003930	-3.611871	33.104042	81	84	72
9.056154	-4.934231	24.887115	153	127	116
9.653326	1.683867	27.270782	78	77	74
1.873888	-1.258557	25.197437	178	180	177
14.624886	-4.582080	32.399780	206	144	66
-4.292485	-4.650576	48.104988	123	121	119
10.522947	-3.316248	22.577082	233	179	125
-7.208302	-4.470162	21.954655	138	138	133
3.533256	-1.606535	32.132366	38	40	35
-1.506883	2.506318	16.927364	193	191	197
4.007136	-1.606957	29.082466	198	197	198
9.298026	-4.836013	25.279619	149	137	138
3.137725	-1.589009	25.033489	197	199	194
7.093317	-2.956366	24.251314	167	162	133
7.225187	-2.875276	23.460155	184	168	128
10.298632	-1.640812	23.138235	192	197	196
9.777018	-2.798428	23.002548	126	127	129
8.318563	-2.654227	27.832756	167	155	138
6.374956	4.520781	25.294626	181	184	168
10.369530	-1.183873	26.554697	160	160	155
6.272690	-0.731295	29.638468	98	115	114
-6.120793	-3.179366	20.229925	32	34	34
2.069800	-1.342545	23.757633	201	196	193
3.576958	-1.620415	32.085449	30	32	27
12.724234	-6.607165	34.573040	169	156	157
-2.165643	2.812835	21.177462	169	171	173
7.064540	-2.368151	23.573898	151	140	139
-1.879735	2.646400	20.881325	84	83	86
3.404899	-1.700928	26.516815	193	192	185
10.183764	1.398782	26.358259	11	12	11
9.917845	-3.124642	21.893671	170	119	58
7.176342	1.183785	20.231743	80	82	79
-2.618075	-2.831293	29.551281	147	147	147
-10.060091	-0.677561	25.811377	116	117	120
9.877152	-2.484272	22.114285	161	164	156
7.102476	2.585371	28.989277	121	123	125
3.227546	-2.424742	32.454464	33	33	28
6.177430	-0.775050	29.538441	90	104	105
9.401214	-2.638164	22.268250	148	150	151
0.206387	-3.650155	29.339180	46	51	59
-5.733020	-2.771048	31.379019	37	42	48
3.089057	-1.424091	27.859823	52	54	49
2.139079	-1.471327	28.804703	183	185	182
3.627745	-1.791253	27.279863	194	193	186
2.899070	-2.238429	27.926310	92	92	89
7.261829	-2.628822	24.046637	174	160	133
7.100479	-2.983925	24.088398	167	158	117
9.269940	-1.834786	22.910027	32	31	62
1.332436	-1.298995	29.669426	67	81	72
5.660344	-0.938462	25.649380	81	92	100
13.402892	-3.730423	31.670624	113	115	117
6.415127	2.249604	25.765615	121	123	125
-6.637955	0.474960	21.615400	37	36	42
-5.469290	-1.751114	16.985182	31	38	52
