-9.321615	3.408395	29.286955	33	36	43
-10.760239	3.696096	31.248962	24	27	36
-3.864811	2.320232	10.230958	183	189	199
-11.986057	4.382831	31.577654	24	26	35
-16.237597	7.886895	28.190033	26	31	40
-12.721128	4.893677	28.900787	176	182	183
-10.567786	8.287779	29.839088	26	27	37
-10.931852	3.312798	28.477970	21	23	34
-10.721077	8.266049	29.762308	203	208	220
-10.706031	9.019663	32.471539	50	50	59
-10.503099	7.646124	29.482307	25	26	40
-9.439306	4.145844	29.856787	42	45	53
-12.967744	8.091118	30.969358	39	41	55
-12.901651	7.432609	28.663589	189	191	207
-14.050156	8.051064	30.807579	24	26	40
-17.092731	7.810136	29.882572	166	171	181
20.103577	3.988852	41.956669	228	220	228
-4.056819	1.991132	9.953788	163	165	179
-9.088974	7.571805	30.127359	50	50	61
-13.252523	7.843178	30.977171	19	23	34
-11.456595	7.899516	31.456991	48	53	64
-8.509862	1.359850	33.434612	189	189	192
-13.549978	6.496809	27.913258	169	172	185
-8.912287	6.742897	29.232725	41	41	49
19.488970	-0.114400	47.659557	36	32	41
-3.902071	1.651660	9.520903	154	158	171
-11.585711	6.973383	30.778933	182	187	196
-13.039363	6.810877	30.329987	188	193	203
-14.431737	6.660749	29.670227	12	18	23
-10.358894	6.395175	31.010536	217	217	226
-11.761940	5.618205	27.539371	18	23	34
-11.224210	5.052579	29.485857	185	187	201
-11.103998	6.219797	30.473925	34	34	46
-11.578942	6.265037	30.674950	185	188	199
-13.518878	6.020514	29.503010	178	183	190
-12.114628	5.953847	29.779869	156	162	175
-12.068151	5.107773	29.442251	175	179	193
-11.254748	5.981174	30.215473	21	21	32
-13.501020	5.805956	29.333950	24	29	35
-9.479401	6.011224	30.691128	43	44	52
-10.287720	6.035744	30.793427	28	31	40
-9.144976	4.113340	23.992903	16	16	26
-11.764867	4.696554	26.782368	24	27	33
15.187085	0.069369	40.594017	189	189	197
-9.544793	5.409874	30.798700	56	56	66
-10.190512	5.321554	30.310923	47	46	59
-16.916985	11.891687	45.523525	23	25	39
-12.708879	8.924843	34.155365	182	184	198
18.659235	0.050588	44.463795	69	68	71
-10.186879	6.153355	29.873810	15	22	34
-10.762276	6.066848	29.465622	68	68	78
-9.617084	5.938308	26.666431	39	42	50
-10.882957	6.865081	29.506752	21	26	36
-11.593643	7.115657	31.376631	201	205	215
-10.618635	4.972456	28.217093	17	17	27
-9.805819	3.950996	28.692080	35	38	47
-10.764462	7.838490	30.186232	74	76	90
-6.940137	2.742701	20.052937	208	211	222
-10.262637	4.054164	27.617590	29	30	40
-11.622233	5.578013	31.618122	191	194	203
-9.582584	1.563590	37.613194	148	154	152
-13.194934	6.364198	28.556585	22	26	32
-13.132687	5.784640	28.124844	16	20	24
-12.527908	6.519976	28.931847	190	197	209
-12.134366	6.473862	28.744139	38	43	53
-11.027867	5.943987	29.222357	185	188	199
-13.975281	7.577364	29.181070	83	88	98
-12.239454	7.445221	32.667347	182	187	196
-14.157687	6.660918	28.620096	29	34	40
-10.341881	3.520586	29.989450	24	27	36
-10.527812	3.799719	27.700335	24	26	35
-12.474569	7.744377	29.816252	106	108	122
-10.961951	7.549522	29.923656	29	31	45
-13.758667	7.516915	31.965084	41	46	57
-12.651296	7.457859	29.552656	19	23	34
-14.141763	7.302285	28.942898	24	27	39
-13.456521	7.716589	29.437202	12	17	25
-12.126641	4.835851	27.457111	17	20	27
-13.154399	5.384729	30.549095	166	172	173
-13.132531	5.122057	30.326202	34	38	42
-13.029134	5.464806	27.901638	170	178	183
-12.861900	5.480022	27.978168	15	18	26
-9.328527	7.690155	30.762072	30	30	38
-13.448895	6.097984	30.790184	20	23	29
-13.341591	7.292043	29.183870	189	197	206
-12.120637	4.580469	27.518908	174	180	181
-9.819364	4.341443	31.109718	33	36	43
18.888905	3.971923	39.896793	77	69	77
-14.181484	5.547225	30.217552	158	166	171
18.784996	-0.129283	46.216740	64	60	69
-11.661283	5.692561	28.689459	185	192	206
-9.709308	3.585013	30.516008	33	36	43
-11.758660	4.491507	30.568369	141	142	148
-11.877174	6.772268	29.403545	178	182	196
-13.168639	8.363169	32.817371	191	195	209
-9.960204	5.654840	32.066879	112	115	126
-11.377996	4.817929	27.736341	175	179	193
19.211416	-0.535771	49.914341	94	93	97
-10.837316	8.063461	32.314987	218	220	233
-12.768536	5.221440	29.683985	187	193	194
-10.603628	8.101565	32.464558	38	38	46
-13.276101	7.725141	30.981619	17	21	31
-10.374644	4.075685	29.608635	211	215	228
-11.650312	7.383338	31.455618	23	28	38
-13.214330	7.185566	30.626678	41	46	57
-14.556268	7.058698	30.089540	179	182	192
-11.162207	7.265726	30.985222	212	215	226
-10.539886	6.906788	31.007679	21	24	33
-11.337023	6.988983	31.345186	21	24	33
-13.976778	6.736432	30.221725	15	18	24
-11.105626	5.311581	30.204010	210	213	222
-11.297414	6.451677	30.981487	68	68	78
-3.982193	1.364923	9.144933	44	49	61
-12.866560	5.220143	29.219419	17	20	27
-11.873232	6.088812	27.322031	192	199	211
-12.801805	6.955672	27.882168	189	197	206
-13.098179	6.886548	30.877720	51	56	63
-10.178700	5.992499	30.568928	28	31	40
-7.204481	2.874413	16.387623	20	23	29
-10.173355	4.099633	29.775934	35	38	47
-11.394618	5.904312	30.512819	17	17	28
-11.340262	5.386193	30.128016	17	17	27
-10.330557	5.415153	30.775793	47	46	59
-10.545094	5.072531	30.358315	23	26	37
16.415028	0.092270	43.769798	159	159	167
-11.401323	5.068465	29.826639	190	192	206
-9.756052	5.498044	31.232382	41	42	53
-10.128968	3.847144	26.275846	149	149	158
-13.657331	5.843331	29.745356	15	18	26
-9.343344	4.050992	29.473003	33	36	43
-11.370211	7.128329	28.247396	195	199	215
-12.501579	4.498567	32.714794	15	18	27
-11.636291	6.298606	30.685453	150	153	164
-14.574522	6.695561	30.037001	12	17	22
-14.786585	6.672895	29.936604	170	179	179
-15.264911	6.394059	32.634521	173	181	186
-15.043988	7.732592	30.641338	14	17	28
-9.366095	1.479432	36.646397	101	107	105
-13.822477	6.166867	29.636511	17	21	25
-11.730811	7.042900	31.180161	147	152	162
-12.799276	4.933959	27.798674	14	18	23
20.294304	-0.151083	49.893707	33	29	38
18.816149	-0.507386	48.934982	94	93	97
-12.741444	4.914979	29.420467	30	34	38
-9.471140	7.267451	31.056049	33	33	43
-12.681200	7.283090	31.404181	172	176	191
-12.412737	4.261464	28.559685	18	19	26
7.726368	4.949212	43.299747	119	122	123
-13.888803	6.294443	28.620607	11	16	21
-11.392702	5.355308	32.786472	19	23	34
-10.822471	5.520582	28.813032	16	16	28
-12.574634	5.579424	28.575632	17	21	25
-12.355870	5.970436	28.999376	44	49	61
-10.596003	6.029448	29.303438	21	22	32
-13.200629	6.861347	29.308855	15	19	27
-13.293600	5.504711	28.200356	171	179	184
-9.814960	5.637913	29.410318	29	33	43
-12.782049	6.912185	29.522190	12	17	27
-11.963084	6.767822	34.623329	211	215	228
-14.090987	7.955382	33.503761	198	204	220
-13.326800	5.861953	28.482740	16	20	24
-13.956319	6.780809	28.969433	185	187	200
-12.906205	5.233824	29.290602	13	17	25
-13.947343	5.767479	32.478107	172	178	180
-10.427061	4.619159	28.276897	20	20	30
-12.097778	4.565272	27.928196	27	31	35
-11.265758	7.131042	30.436028	10	15	25
-13.392469	6.343299	28.839912	13	16	23
-11.229300	4.320182	31.983551	211	215	228
-10.963181	4.348399	32.186432	23	26	35
-13.121232	6.884570	31.085781	17	22	28
-3.511715	1.552126	9.486297	16	21	28
18.398670	-0.503021	47.832272	94	93	97
-13.119946	6.004706	28.681807	179	185	194
-14.362802	6.308486	28.672916	165	171	174
-12.081775	6.879916	29.826536	172	176	191
-11.020555	5.981371	29.074575	186	189	200
-11.073671	6.588268	29.491411	192	197	207
-9.303138	5.703831	29.744781	25	26	29
-14.440907	6.798163	29.032154	18	23	30
-12.019834	4.242404	31.422586	15	18	27
-11.739716	4.958625	28.478483	170	173	190
-12.893749	5.544662	28.401331	14	17	26
-10.779180	4.699920	28.167368	191	193	207
-10.746552	8.241601	35.210606	85	85	97
-11.424501	4.398791	24.773666	18	21	28
-10.899698	4.238239	28.353043	149	149	158
-11.856326	5.666736	29.011776	192	198	215
8.480235	5.362621	47.242683	87	88	91
-13.177426	5.159938	27.952408	160	168	173
17.389727	-0.261597	42.933247	14	12	20
21.988066	6.199661	44.042240	50	45	42
-15.825604	6.899652	31.773886	159	165	168
-13.457745	5.742293	31.359739	191	194	201
-12.999098	5.605392	26.878626	11	16	24
-11.992504	7.053215	33.128811	16	19	26
-11.976234	5.119611	31.603117	204	203	217
-9.906438	3.414804	22.867470	16	19	26
-12.817143	5.704635	27.330587	12	16	23
16.264507	-0.436282	42.304604	180	177	183
-11.054484	7.025804	33.657043	217	220	233
-10.816602	4.793853	32.088165	212	219	228
-12.403633	6.831719	32.745800	143	146	157
-12.213896	5.912292	28.734850	18	23	34
-11.409645	6.476303	33.044334	210	216	228
-10.510295	6.611650	33.718613	27	28	31
-9.341353	5.364468	27.979620	28	31	42
-10.373771	5.304195	27.663477	18	18	30
-10.159342	3.797950	31.703472	26	29	36
-13.666072	6.061360	31.039848	16	20	24
-10.665331	3.739948	31.238558	30	33	41
-12.688179	5.027968	26.813873	172	180	185
-11.851669	5.928088	32.354862	213	216	227
-11.829060	4.214792	30.865597	21	24	33
-11.751913	4.756831	26.591795	13	16	24
-12.249764	4.805194	26.833504	13	18	24
-11.120474	4.293154	31.421217	211	215	228
-10.710170	4.342073	31.767115	24	25	34
-10.294623	4.393996	32.133659	22	25	32
-11.997908	4.806605	31.311487	187	187	197
-10.393641	5.971718	33.336323	41	42	53
-10.946454	5.890601	32.895298	39	39	52
-9.267840	3.920593	26.308828	18	23	33
-12.987108	5.633486	31.490999	188	191	209
-12.033735	4.425596	26.601641	169	174	182
-11.276129	5.364245	32.254490	21	26	36
-11.700555	5.309962	31.936558	20	20	30
-12.955622	5.272842	26.905300	159	167	172
16.976454	-0.277756	41.861980	14	13	20
-14.810464	6.112464	38.522053	141	141	151
-9.620407	4.682134	25.467957	15	15	26
-11.459191	4.503543	25.164906	13	16	23
-11.521562	5.660010	31.593666	212	216	227
-11.274675	5.696951	31.793932	210	217	229
-13.250942	5.209999	39.064476	28	31	40
-12.738046	5.495222	30.697748	192	195	213
-9.658150	3.985794	29.970125	21	25	30
-10.634945	4.718994	31.623617	212	219	228
-11.419435	4.746300	30.879288	34	34	43
-10.656090	4.944128	30.248390	19	24	34
19.153566	3.449628	39.744305	54	49	51
-12.823575	4.577805	29.815536	17	17	25
7.798488	5.740965	46.858028	173	178	185
-12.425445	4.090397	29.576918	168	172	174
-9.538455	3.484053	29.591732	26	29	36
7.209002	4.205998	38.867031	29	30	35
11.111325	-0.446955	49.035282	38	44	47
6.237628	5.158945	45.911301	26	14	11
6.380614	3.569514	39.948158	23	24	17
-7.643400	-5.268276	26.036654	137	142	141
-8.433211	2.414377	29.351372	143	144	149
-11.009479	4.495157	28.743174	201	201	214
-9.518919	4.436218	29.492752	218	220	234
-9.808951	4.405691	29.296009	211	219	228
-9.383830	3.840005	29.066135	21	25	30
7.796861	5.597979	46.853897	150	154	161
9.076326	5.106978	47.585808	29	30	38
7.460544	4.150496	46.597939	16	16	11
6.238540	5.205987	45.915699	26	14	11
11.111148	-0.397325	49.033031	27	33	36
11.881510	-4.638999	49.866306	48	55	62
7.985709	5.496500	46.960239	174	177	184
18.789381	1.064725	49.417301	69	75	68
11.617533	-0.700216	49.411453	34	41	40
6.480365	5.053316	46.050224	19	12	13
-11.239467	-1.141069	31.343821	134	136	133
9.534633	4.902947	47.852848	58	59	64
-9.863268	2.095743	25.927549	169	170	179
-8.647511	2.038909	39.269279	12	9	13
7.580672	3.758444	46.653786	12	13	18
10.753041	1.439045	48.712017	53	84	38
-9.575290	0.910215	24.688898	121	133	125
-9.390451	1.400011	37.654572	94	96	96
