-13.099549	-8.277264	30.435863	178	176	191
-10.224025	-2.795661	33.083122	36	37	19
-15.369125	-0.181784	26.825199	187	167	47
-15.682672	-4.136014	31.410229	186	174	140
-10.037057	-6.976638	23.812056	98	98	111
-3.223384	1.221209	31.595699	180	169	166
-16.449795	0.704069	36.846634	161	155	139
0.732781	-2.857830	40.694691	235	238	239
2.764253	2.669653	42.454575	157	154	160
-17.065495	-3.785300	36.737625	47	21	10
-15.555897	-3.907722	33.448841	58	37	38
-11.369667	-2.825586	26.699863	212	199	178
-16.570578	-4.823250	34.768288	38	33	23
-18.621861	-4.587132	40.487526	73	56	44
-2.952268	9.574022	39.774448	121	116	117
-12.737383	-2.328516	29.242470	22	11	9
-11.319936	-3.213943	26.333866	39	21	19
-10.139374	-3.187208	38.707455	225	221	211
-19.861454	-8.557675	34.423977	58	67	78
-3.062521	9.178411	39.126656	161	158	159
-17.560963	-4.777431	36.048199	49	46	29
-20.049299	-8.029107	34.872265	37	46	48
-20.205816	-6.730282	37.121971	206	200	192
-5.492438	8.871706	38.958000	143	136	136
-10.010282	-6.806453	23.640223	193	193	205
-9.752682	-6.315367	26.479721	211	212	216
-11.195966	-8.198659	28.657387	205	204	220
-8.848586	1.023203	28.781153	157	151	147
-14.326385	-4.120626	32.260490	205	195	184
-6.888123	1.138704	37.075966	25	23	21
-9.927140	-6.376534	26.511791	210	211	214
-16.304052	-5.222738	29.957180	32	26	10
-11.252690	-7.393526	26.314438	24	24	37
1.092433	-0.727602	38.404846	2	7	16
-13.999512	1.087166	38.398682	197	186	171
-1.040209	8.690327	41.763359	24	9	6
-8.049970	1.006654	41.843235	195	193	191
-11.895014	0.563681	32.807682	183	171	146
-12.904182	0.560514	32.318317	196	195	184
-15.519844	-4.440555	31.992001	187	178	168
-13.989464	-3.970785	28.366787	33	8	1
-10.414033	-7.127482	28.028948	181	177	185
-17.764322	-5.405781	33.783257	36	18	2
-12.850734	0.426965	32.185356	164	160	152
-11.541639	-7.184026	26.966377	128	126	138
-15.534781	0.485616	37.730984	192	191	182
-14.910972	0.341672	35.372593	187	183	172
-14.354358	0.347876	33.048885	199	198	181
-15.427042	0.339736	34.905674	193	192	175
-11.652816	-6.939032	26.613771	15	19	28
-12.661858	0.257680	28.628428	135	135	124
-10.121043	-3.048105	38.939827	177	173	163
-10.415303	-3.952065	25.572924	155	155	155
-13.335234	-1.674249	27.481806	166	155	114
-1.853119	7.539381	39.308407	157	149	155
0.953817	7.311515	42.674847	28	20	26
-14.551518	-4.786085	31.466003	16	8	1
-15.185833	-4.177397	31.713970	175	174	163
-14.462787	1.177826	36.802074	209	197	171
1.231570	-0.352624	40.424232	163	163	167
-15.722756	1.505227	42.533215	37	27	6
-12.879922	0.494473	34.421764	182	174	149
-8.789902	-2.660389	28.624445	147	148	140
-17.140127	-0.277498	29.485493	56	25	7
-11.318173	-3.357669	26.206354	113	94	96
-1.988742	8.341506	40.466015	134	122	131
0.720221	-0.580448	39.225300	1	20	31
-2.289401	-0.623030	4.783735	170	166	174
-0.851389	-1.032393	38.594769	32	17	27
2.420414	2.125350	38.973339	18	17	22
-5.458342	1.355627	37.093117	41	41	41
-2.769034	0.721688	39.897514	160	153	156
-1.170622	7.913818	40.414436	149	137	145
2.954699	2.687131	42.736073	123	120	126
-16.463356	-3.946725	30.945675	15	20	36
-1.830473	9.633372	42.516941	35	26	17
-1.861717	-1.795371	39.229435	7	3	14
-10.595566	-7.731919	26.021505	61	63	77
-13.503027	-0.090796	31.265074	155	148	146
-14.234763	0.307754	33.828564	188	189	179
-15.088836	-4.036144	30.218458	186	176	102
-14.009506	0.392237	34.086723	173	172	163
-12.051305	0.332060	30.206106	115	114	105
-13.310489	-3.859531	30.235123	210	197	189
-17.692244	-5.667735	32.409729	32	27	16
-12.444553	-3.403070	40.071892	42	43	26
-20.027840	-8.085806	34.810329	22	30	35
-11.899722	0.561158	32.693676	207	197	167
0.549949	-2.760139	39.861095	215	221	223
-10.428925	-7.103323	24.649214	193	193	205
-10.717509	-6.752444	24.897947	195	198	213
-9.222110	-5.948983	24.819191	210	211	214
-3.376812	10.325979	43.901749	165	162	163
-11.925338	-7.830141	27.863541	25	25	38
-19.922178	-8.557391	34.479126	41	48	59
-13.229714	-3.389332	28.678463	58	37	38
-10.179468	-7.107876	27.951727	189	186	190
-7.684625	0.950353	39.446770	200	195	194
-10.414034	-7.127483	28.028952	181	177	185
-12.971262	1.012644	35.585991	200	190	170
-3.438723	11.162972	46.370510	165	160	159
-6.337584	1.027923	34.029793	38	36	34
-12.350650	-7.378673	28.209150	31	36	46
-15.402640	-4.715573	29.404074	74	46	31
-10.676844	-6.644342	24.945618	141	140	155
-14.219565	-4.198314	46.228481	177	176	168
-13.747529	0.563832	34.475883	123	122	111
-11.892016	-2.924048	27.924664	212	199	178
-15.911534	-3.534764	35.167236	22	12	7
-12.164846	0.480683	32.546143	164	157	136
-17.519382	-5.901062	32.384495	206	200	192
-6.245030	10.031556	44.113262	163	154	152
-9.546217	-2.838728	31.010498	147	148	140
-15.963198	0.701728	35.774933	161	155	139
-10.807832	-1.972245	24.814974	87	70	56
-13.301710	-1.978109	27.593481	66	48	9
-14.680034	-4.195040	30.293430	166	154	140
-4.333028	1.584912	41.405647	177	167	166
0.105507	-2.112597	32.596924	239	243	245
-14.955093	-4.240842	30.099255	59	34	8
1.237611	-0.376934	41.764553	159	163	165
-10.799417	-7.892095	27.608372	192	194	210
-2.057863	8.951075	43.020466	134	122	131
-17.913017	-5.289378	32.521320	63	50	28
-10.660433	-3.368080	40.754337	235	231	223
-1.992646	8.050022	41.639713	124	116	122
-10.823914	-2.332920	35.502064	194	182	165
-5.052402	1.252146	34.168583	23	23	23
-15.632296	-5.866206	28.381351	23	21	22
-14.817721	-3.989960	30.422699	41	33	15
1.083334	-0.396047	44.941643	111	119	128
-17.990061	-4.575816	34.965706	209	184	61
-2.450805	0.608656	34.870354	171	164	167
-13.513414	1.077320	34.356792	193	179	161
0.976395	7.945242	46.377922	11	4	9
-1.152681	9.216428	44.310745	66	51	51
-8.429660	0.940098	27.413834	157	151	147
-3.479333	0.944813	41.394978	25	15	14
-10.917668	-4.101138	26.724344	125	125	126
-13.314025	-2.134811	29.805838	167	142	130
-16.786509	-0.268163	28.879175	97	65	11
-13.505276	-1.716970	27.732601	186	170	128
-1.904161	-2.764509	43.722897	96	150	162
-3.135343	-0.743489	6.032982	7	35	86
-16.140200	-4.924682	29.166403	156	145	139
-8.818749	-3.423318	28.518454	99	97	95
-17.962666	-6.971889	30.826265	32	32	32
-16.510330	0.790875	37.155838	161	155	139
-18.074368	-5.291371	37.686165	12	7	5
-12.385455	-8.099084	28.866550	24	24	37
-6.451884	0.742645	33.323055	171	166	165
-10.081897	-2.709419	32.389973	30	33	19
-10.748614	-6.806693	25.051741	195	198	213
-13.344711	1.027725	36.616180	200	190	170
1.269765	-0.470193	46.943302	130	142	148
-15.721127	-4.851259	30.208847	48	31	18
-16.347626	-5.007466	29.572439	156	145	139
-10.946413	-6.538203	25.003191	92	100	109
-10.603374	0.397591	28.431757	164	157	136
-4.960214	7.840276	34.690140	159	149	148
-6.226419	0.946484	33.681843	32	30	28
-14.156998	0.582754	35.419800	123	122	111
-16.168774	-5.179617	29.564278	21	17	6
-9.887255	-6.753105	26.609343	122	118	128
-8.895860	-6.174745	24.428307	184	181	185
-12.392067	-3.700090	40.213421	168	167	160
-1.709594	8.554079	39.940590	26	11	13
-15.988006	-5.350954	29.552385	178	173	167
-1.909114	8.177811	39.258327	134	123	132
-15.034364	-2.447757	33.632351	133	113	98
-19.907360	-8.559516	34.453823	41	48	59
-13.685450	-3.947360	31.052820	210	197	189
-14.585725	0.267831	34.706593	188	189	179
-2.822735	8.705128	37.125023	161	158	159
-16.217131	-4.167137	35.205585	77	57	70
-13.520309	-1.742380	27.707758	160	145	72
-13.301710	-1.978109	27.593481	66	48	9
0.422589	-2.313998	33.588829	245	249	252
-13.462154	-3.643112	27.090252	200	188	89
-14.402353	-3.200831	31.240654	47	21	10
-14.238223	-3.169378	31.465445	11	5	2
-12.684944	-2.726656	41.557640	189	184	167
-15.102674	-4.363030	31.132252	24	13	6
-15.355418	-4.420778	30.903330	21	2	2
0.811581	6.556697	38.631577	10	4	8
-12.756405	-2.354252	29.251534	92	76	67
-6.304400	1.581893	42.288544	14	14	14
-11.965101	-2.958345	28.060616	158	145	129
-16.021168	-6.011533	28.983589	66	64	62
-17.159510	4.498202	30.224918	134	130	128
0.155775	-2.859033	44.240250	149	155	158
-10.270307	-2.276682	32.990993	140	142	123
-8.280653	-6.251971	28.495573	84	84	89
-13.918747	-1.577601	27.688768	212	186	117
-15.896222	-4.055825	30.892019	217	190	47
-9.575566	-3.689324	31.065216	143	142	138
-18.553274	4.321351	35.842289	90	90	88
-0.961604	-1.176513	42.863182	65	47	58
-10.970089	-4.087564	26.850069	125	125	126
-3.449956	0.907920	40.712238	31	21	22
-14.261820	-2.820217	33.224262	163	145	139
-10.412901	-6.229510	23.877329	65	70	80
-14.017326	-3.083306	30.422058	29	3	1
-3.164037	9.653569	41.313034	137	134	137
-15.375378	3.907521	29.891714	135	135	132
-10.498113	-6.863500	28.185453	200	199	204
-12.828287	0.753774	35.081223	202	197	158
-2.743135	0.690557	37.920223	171	164	167
0.865965	7.573112	45.420456	13	3	10
-2.020869	9.854138	46.285137	127	112	119
-11.375352	-4.523748	25.063089	141	121	95
-11.159278	-3.206597	25.384523	189	181	165
-5.382331	8.405805	37.639866	93	84	81
-15.638486	-5.884447	28.290237	137	135	133
-14.000585	-2.278229	31.099365	158	135	120
-6.021664	1.464951	40.273731	14	14	14
-12.584046	-1.843008	26.295017	25	11	0
-16.818993	4.404752	29.621525	108	106	104
-3.180787	0.837322	38.393311	31	21	22
-0.926872	10.447246	48.288074	188	166	149
-10.757217	0.397058	28.835171	96	90	78
-14.083257	0.255800	33.648312	183	184	175
-17.584803	4.108175	33.983231	115	115	112
1.159528	-0.580363	43.244801	78	97	105
-13.958760	-2.686208	30.766020	13	5	0
-14.641813	-2.907601	34.042294	145	124	118
4.212423	6.513101	39.018360	47	25	33
-4.322354	0.995000	38.979774	33	28	25
-13.707763	0.498558	34.190872	144	140	130
-15.745628	-5.097612	28.851423	22	19	10
0.119543	-1.695106	25.280922	149	155	158
-2.077044	8.436749	44.011627	116	108	114
-17.981489	-5.549910	34.525242	17	10	0
0.288149	-1.741417	24.657013	103	112	114
-1.222297	9.597307	46.642994	72	58	60
-5.843935	0.904939	31.515903	38	36	34
-9.866956	-2.145832	32.289993	176	182	160
-14.666973	0.373840	33.355362	193	192	175
-13.552435	-2.496807	31.079824	81	66	63
-10.698774	-3.994494	26.182941	125	125	126
-8.109577	-3.366963	39.972588	134	134	133
-3.600610	0.870445	33.459427	13	9	3
-14.995976	-4.264950	33.901657	217	204	194
-9.290580	-6.064366	25.086744	213	214	217
-20.604342	-5.573947	44.456482	8	3	1
-12.071010	-3.151847	28.073685	210	198	185
-11.422399	-2.620420	36.731575	171	173	152
-13.650105	-1.871660	27.907310	198	175	53
4.866627	7.725441	43.516300	21	8	14
-12.639138	0.260948	30.287043	188	189	179
-5.029664	1.201670	34.571499	21	21	21
-12.250380	0.390568	30.595131	115	114	105
-14.258554	-5.313077	25.797562	24	21	26
-17.047506	-5.305259	32.850426	91	77	55
-8.470312	1.361508	45.924137	7	7	7
-8.875995	1.146561	45.037151	193	188	187
-11.980918	-4.759865	26.324764	140	119	92
-16.210867	3.849550	31.227633	131	129	125
0.863021	6.993118	42.037189	12	4	10
-15.705068	-3.028864	34.512402	9	2	0
-2.742435	0.859650	33.270245	21	15	10
-8.089484	1.327940	36.582588	212	201	196
-22.359861	-5.627659	45.698204	13	12	4
-3.728833	1.341083	34.637581	201	194	192
-4.633706	0.887091	33.812084	30	25	22
-3.180378	0.800278	43.763412	171	164	167
5.365767	8.444158	49.538074	47	25	33
-9.310424	-7.193826	31.669920	133	137	141
-10.611155	-4.220622	34.602898	132	130	126
-12.029222	0.664884	32.595192	196	191	152
-2.443741	0.538735	33.349163	151	144	147
-13.894269	0.653568	31.568958	169	162	141
-9.958276	-1.999870	23.164301	174	155	143
-12.411098	-1.364353	24.718647	230	198	117
-21.559839	-6.650197	41.558907	18	15	6
-12.409571	-3.558139	28.213005	209	199	186
-14.183126	-2.032485	28.898863	205	174	31
-17.469902	-3.613389	37.969944	20	8	0
0.607184	5.560053	33.987080	17	5	12
-8.446589	-3.337150	27.458607	62	61	60
-13.208707	-2.967149	42.259872	171	173	152
-13.776125	-3.394557	28.072147	17	12	1
-13.258801	0.330794	31.584778	158	155	142
0.143014	-0.605837	17.428474	81	170	177
-12.858357	0.999458	32.597855	139	125	107
-3.808280	0.932927	35.065331	13	9	3
-2.085256	-2.759406	38.618019	80	168	173
-3.719394	0.680138	26.528646	35	30	29
-6.205001	1.023415	28.076132	212	196	181
-10.542851	-1.783350	23.414679	191	166	109
2.045583	5.601140	35.351868	180	175	173
-12.709352	-2.209091	29.228046	14	7	3
-12.622800	-2.983325	42.457291	32	24	14
-13.810402	-2.044022	29.042336	25	12	7
-12.564038	-3.503743	28.237432	169	160	144
-9.700758	-3.923044	21.218861	202	185	169
-10.686759	-1.588019	22.469713	25	11	0
-12.846634	-3.656299	28.101543	5	5	2
-0.638716	-0.560587	27.393044	11	7	16
-12.128052	0.698381	32.593807	182	175	134
-10.173110	-1.719537	22.540899	194	168	107
-2.704034	-3.118477	44.452789	71	167	172
-3.760061	1.011773	34.793514	101	96	93
-18.861792	1.665268	47.649628	195	186	159
0.147273	-1.467622	21.119953	196	202	205
-2.106650	-2.557742	49.282475	10	7	22
-1.555671	-3.247013	42.514626	41	46	56
-12.713536	-2.042023	29.374311	9	12	11
-18.346033	0.480982	43.728516	170	169	160
-2.384320	0.694411	30.299555	13	6	9
0.182559	-0.808896	22.173592	75	170	177
-2.542100	-3.214225	43.537258	88	166	172
8.808443	2.703074	45.980309	48	46	44
-2.550286	1.006956	23.192057	188	188	183
-1.241496	3.105494	35.158684	42	44	44
-7.821258	-3.176666	25.473999	36	36	37
-18.069075	1.098917	48.485889	208	201	160
-11.920767	-2.025073	27.617960	14	12	10
5.027382	1.048735	35.674629	1	113	121
-12.101423	0.875177	30.606682	26	14	5
-0.718937	-1.644605	20.671598	48	56	65
-8.595111	-3.449134	47.127216	97	158	159
-11.283353	-3.758614	46.838757	56	56	53
