-3.926594	-12.331245	48.961891	169	180	185
6.925187	0.271526	27.730068	171	169	181
16.165545	4.787868	44.151695	42	39	54
12.014786	1.039192	46.924370	155	153	165
9.075217	-12.966813	49.435394	187	178	193
-3.198911	4.825231	40.048695	43	43	51
13.436250	2.580437	32.188969	141	140	158
-2.959970	6.053567	49.819542	88	87	102
-1.160458	4.010198	33.279236	14	14	26
14.869293	3.062987	40.853226	96	89	84
22.291368	4.665997	43.422924	152	151	167
18.492847	5.389356	34.503468	3	1	15
4.273378	1.817588	41.598217	140	137	152
2.378292	2.951881	41.567371	44	40	49
2.190717	3.044814	42.886078	52	51	56
10.021858	1.679689	24.601707	183	180	196
10.180602	1.902818	27.498001	219	218	215
10.620605	-1.846588	32.188587	179	175	189
-2.989993	4.992560	39.456299	177	177	185
15.743567	3.809324	34.627449	23	22	37
-22.625265	-4.128658	46.050694	45	43	59
15.884181	-10.374887	39.845333	53	54	73
15.348900	-10.288387	40.147240	177	188	215
13.207473	4.008704	32.095898	152	151	166
-2.383656	4.749474	37.534641	152	150	162
21.270773	-12.348957	41.183796	88	53	72
23.152563	7.595378	46.192230	48	55	61
12.233493	4.258354	29.187742	168	167	182
7.655978	-0.003608	25.249769	162	147	155
15.958102	4.562303	44.577496	51	49	61
15.950941	-9.939637	39.409225	56	57	79
10.270287	-9.656087	31.618902	44	67	157
8.499654	-0.015282	30.120359	151	140	149
24.609890	-14.531598	47.927143	101	18	28
9.965995	3.550739	23.539412	164	163	178
10.424938	-1.329345	35.641853	180	173	180
10.611625	3.104099	26.256393	23	22	37
4.630050	3.607235	19.654070	185	184	194
10.988605	2.720291	24.113392	167	166	182
13.443444	1.322476	35.189838	34	14	16
0.989354	1.914925	17.312540	71	68	74
9.506704	2.828882	26.556715	202	200	212
2.507097	4.843100	43.862572	50	43	53
21.142763	5.218246	44.366661	122	122	132
16.070492	-9.914440	39.308212	54	55	74
16.578344	5.220732	33.220291	114	116	121
19.000675	5.716144	34.785488	97	96	101
15.406400	-10.713013	40.512241	150	146	160
19.198994	4.041265	33.764828	137	129	152
23.291451	3.404227	42.023151	130	130	146
18.971682	5.322368	45.027390	27	26	41
12.561211	-8.272856	33.605362	139	148	171
13.163470	-0.920681	36.391056	126	114	116
12.246632	-2.386826	37.274971	86	84	96
1.774109	-5.631914	36.086323	31	36	42
23.071894	0.839150	42.090591	22	22	36
17.218454	6.204488	33.807533	159	163	188
2.944135	-10.272402	41.449940	57	57	65
17.777826	4.160647	47.224174	76	78	95
21.004753	-11.499246	36.179626	93	94	112
5.041336	-0.432974	22.972383	136	136	148
3.246256	1.841878	14.330474	72	73	92
-0.950376	4.157867	34.047340	143	142	159
4.009333	1.696777	39.146084	162	160	172
12.021503	3.528186	29.744768	24	23	40
19.223602	4.135462	33.807865	144	139	162
-1.238156	4.201262	35.098042	65	64	79
-3.489060	5.097383	42.591545	97	97	102
13.760205	2.731908	39.060959	24	9	24
-3.076404	5.188713	41.272057	177	177	185
9.266669	-0.017229	37.484268	98	93	107
24.057190	-14.124941	46.727661	94	33	48
14.632428	3.614463	32.110050	65	64	81
20.366091	6.172179	49.491924	135	134	149
18.130627	2.701969	32.885273	115	117	133
12.244027	-2.340243	36.679024	61	57	70
14.412861	4.420530	31.465141	12	11	29
15.030887	-3.153735	47.232628	157	147	160
17.145130	3.361059	33.475422	158	154	168
17.885279	-12.040028	46.971737	125	136	160
1.946649	2.507626	35.159950	27	24	30
-3.505292	-10.822443	43.063324	183	197	199
12.732474	-8.382808	34.042191	139	148	171
13.067930	2.464934	31.373579	163	162	179
10.119786	3.020085	27.727045	42	39	54
16.710348	5.252123	33.591637	126	127	135
22.297808	6.519056	41.606632	58	57	72
15.546895	0.394543	28.164265	129	129	141
10.557443	0.878335	41.270336	179	177	189
15.079329	-2.619400	45.973007	192	189	204
-0.040423	4.757331	44.221970	45	26	33
14.349111	-2.123096	46.989876	210	199	208
-23.430376	-1.631613	46.929821	164	162	173
2.517415	1.485346	10.138647	103	103	113
9.152848	2.777436	25.777842	155	153	165
2.871729	2.215577	12.230350	194	192	202
13.813276	-10.510332	39.394005	129	130	151
3.527257	-1.418985	38.660416	181	178	193
12.401446	0.285661	30.313301	103	103	114
5.307923	0.002877	17.433247	153	140	148
3.874803	2.399615	15.546608	90	90	98
25.308222	2.661095	45.285576	140	135	129
14.917359	-9.219014	37.529812	135	137	162
12.802371	-0.135303	38.286896	28	18	26
11.637968	2.835614	24.738712	125	125	137
18.605755	5.597806	34.195408	107	106	112
13.517854	4.172101	35.725285	46	45	62
13.799329	-8.543794	34.003334	82	83	107
8.413360	-12.068162	46.024570	193	184	197
18.097294	1.793613	47.351624	61	37	42
17.632822	4.439640	33.623024	138	139	157
12.533419	4.442120	29.584545	157	156	171
-21.473650	-3.921922	43.708675	43	42	59
20.811659	5.798553	49.395851	66	65	80
15.600351	-1.199156	43.360958	141	128	130
1.812426	-0.733200	19.765190	140	137	152
16.688461	-10.977656	42.088020	45	48	63
2.815465	-11.438174	44.711472	75	76	80
13.698282	-2.923365	40.955826	141	137	151
-3.549213	5.986546	47.615211	202	202	210
14.635928	2.752631	39.644657	169	164	158
-1.159861	5.351221	45.540199	164	163	180
16.956528	2.887393	41.613007	165	164	177
1.628894	2.188564	30.121016	52	51	56
-0.313239	3.881145	40.542778	175	165	185
16.229273	4.961190	43.254200	41	38	54
17.046368	0.434846	30.879316	129	129	141
22.487652	5.663353	42.802505	127	129	145
11.697771	2.257477	28.272757	167	166	183
22.573484	0.927963	41.344376	16	16	28
21.277872	4.559247	37.420677	117	113	140
9.256373	-1.376728	30.419130	138	128	135
14.863644	-9.238413	37.719551	144	146	171
12.733242	3.865656	28.005556	18	17	34
13.427094	2.653481	38.199196	41	26	47
10.208692	3.064038	25.414505	18	16	36
9.948151	7.762164	42.704102	203	200	208
18.537586	-12.338587	49.569328	115	125	145
-3.056887	4.519734	37.539524	62	62	64
4.700651	1.646338	47.850601	70	70	80
17.679890	0.344424	43.691803	86	85	99
17.206240	-10.689543	42.523403	106	107	131
16.184216	-10.359100	40.847733	178	183	206
18.679951	5.203212	44.231770	27	26	41
12.939974	-8.587366	33.738636	101	109	131
17.595114	3.034286	41.966312	39	37	54
17.236624	5.709272	34.472923	48	55	61
24.052004	7.222137	44.278900	123	121	131
-1.774140	5.669520	47.654327	155	154	169
2.069771	-7.005878	43.962933	25	37	44
22.477072	4.533384	44.009163	87	85	97
-0.073689	4.281152	39.875557	52	30	38
21.250988	6.673568	42.855347	134	134	150
1.689657	3.404830	31.279963	66	63	69
3.105995	1.374712	30.484247	162	160	172
16.651196	4.803971	31.161919	101	101	115
10.548209	-1.838019	32.181973	133	130	145
16.032505	4.762694	43.755936	42	39	54
1.020705	0.581948	4.529144	72	73	92
19.659534	-9.643906	34.416454	171	167	189
16.556643	-10.701887	42.242062	187	192	216
4.030299	3.089556	17.398375	207	205	213
17.029497	5.379058	34.497631	134	134	150
18.655069	5.305710	34.801327	101	101	115
23.088078	1.893517	42.077839	37	37	49
22.023607	5.419276	48.204456	121	120	137
3.875422	2.282102	15.574861	103	103	113
12.514840	-2.513915	37.915543	98	96	108
18.082678	4.522746	34.416111	138	139	157
-1.975135	4.120593	34.135887	181	180	195
16.430063	-10.324109	41.920799	144	146	171
12.696505	-7.724571	31.323240	53	54	75
2.911907	-11.286414	44.984768	32	33	36
13.044232	-2.900143	41.267540	93	83	91
12.021372	-7.969492	31.867508	129	140	167
6.895967	1.515145	18.285194	45	46	61
11.597464	2.273238	28.150063	173	172	189
10.223178	1.987369	29.007895	25	7	18
9.565226	-1.817807	30.812504	37	28	37
4.263278	1.908068	41.826565	162	160	172
-0.058360	4.801222	44.975224	52	30	38
4.177853	1.491022	42.460674	70	70	80
26.937084	1.112223	49.333702	13	13	25
15.745067	0.389355	28.529411	129	129	141
-0.943683	6.347967	49.706863	35	39	54
6.860676	0.019246	27.932621	66	59	73
1.636570	-5.398407	34.137356	25	35	38
15.066037	-2.393431	42.451344	115	104	98
6.573574	1.269187	18.663305	33	10	17
-3.212965	5.434861	43.765495	205	205	213
-0.794710	4.086936	35.281422	167	166	183
-2.985849	5.903107	43.170853	44	41	47
-0.306050	3.080648	31.723583	158	155	175
10.869523	2.183916	26.353619	153	151	170
7.252741	1.291229	17.903652	183	180	196
3.425064	0.958702	37.103535	200	193	207
13.900647	4.157892	34.605507	32	30	50
12.995242	-7.857413	32.027107	50	51	71
3.516855	1.196062	34.884552	23	26	35
7.891842	6.050437	33.851219	208	209	219
3.451278	1.603683	34.218189	167	163	174
12.359079	-8.105380	32.485664	175	183	211
6.935194	0.857274	16.494644	20	20	32
10.590035	-1.565148	34.291180	223	215	223
16.938229	4.849873	31.604441	12	11	25
12.411716	-1.893035	34.936699	134	123	116
11.254131	-2.280745	36.433441	36	26	35
16.369968	3.963743	36.856937	9	9	19
18.306864	5.845964	36.986237	130	133	146
13.833577	3.889214	34.803192	152	150	169
-3.710839	5.436597	45.307911	97	97	102
6.367867	0.450378	25.077789	182	180	192
1.996404	1.173399	8.017178	46	46	56
14.658233	3.189363	36.864838	163	161	181
1.805554	1.056509	7.762358	66	67	79
12.643310	-7.889781	32.163570	151	153	178
15.145961	4.152710	35.813515	12	11	26
19.306314	3.896465	37.705986	145	142	157
1.350380	-4.438340	28.042364	23	35	40
2.195670	2.903901	40.643005	76	73	81
10.121716	1.903687	28.591314	40	19	28
11.052562	2.141861	29.930447	212	208	205
13.203918	2.330838	32.608925	128	126	141
14.091217	1.719818	33.534225	23	23	32
13.626274	4.236242	34.069134	32	31	48
1.144616	0.329575	12.459971	201	192	203
2.329101	4.604196	43.176018	33	29	38
12.722054	3.895058	30.697521	153	152	167
-2.339416	4.597261	34.262676	62	60	68
13.803500	-3.253448	43.240517	107	96	106
3.552140	-1.323208	45.011238	201	196	212
1.819804	-6.225989	37.217201	27	37	39
18.153954	5.666182	38.512676	143	146	168
2.445492	1.391901	9.696992	75	75	87
17.287302	3.289080	35.915504	120	118	138
1.889604	-0.953318	49.179077	198	201	219
13.908511	-2.152483	39.220795	138	127	120
17.140406	5.149408	37.584179	78	78	91
17.269823	4.281240	36.648663	82	81	98
11.680928	2.229036	28.909496	195	194	211
10.361612	2.105906	27.293839	34	34	44
14.982669	-2.993012	43.540203	25	20	28
3.542486	0.729683	44.280060	217	209	217
-0.431775	2.513645	24.819654	128	135	149
-1.817722	3.960763	30.190851	79	77	87
9.789034	1.895666	26.640070	169	164	158
6.945407	1.838688	16.209484	9	9	20
3.546873	1.905049	36.001232	172	168	177
7.386231	-1.089304	21.182920	142	130	125
1.575360	2.485041	30.322372	107	103	112
1.853507	-6.212632	37.138378	28	36	37
3.237969	1.292326	12.007736	203	201	213
2.239775	4.543695	44.948101	98	94	103
2.484223	0.945887	9.118049	210	208	220
0.020338	2.387178	23.156813	52	34	45
1.185772	0.708977	12.261540	166	162	171
8.942093	1.644103	22.118374	195	194	210
15.510307	1.935295	36.720776	13	13	20
6.900453	-1.450014	19.939564	24	23	30
6.132303	1.169347	16.708324	148	143	141
6.409894	-1.435017	19.759390	193	186	200
6.777858	2.036258	18.446651	77	74	90
