3.157775	-1.830666	35.069401	57	35	27
6.072569	-11.503100	40.639458	139	142	159
6.754166	-11.152823	38.934376	36	35	40
-4.756355	-2.158802	40.100174	162	166	170
9.968470	2.821108	25.652822	242	237	233
-4.674670	-1.943572	37.945202	34	37	48
13.957710	-10.868208	42.356190	168	166	168
10.525112	2.839559	26.690933	45	42	42
12.572929	-9.023578	35.693741	221	211	212
4.956171	-11.084089	37.735661	154	142	144
-6.826410	-0.578935	42.420265	28	21	24
6.712199	-11.330172	38.750965	162	159	165
13.107595	-8.967006	35.756992	222	215	216
0.464522	-7.000750	37.903004	210	207	213
-0.887294	-7.047113	37.954952	196	191	188
11.736843	-9.291016	37.738224	179	181	188
3.411642	-2.255457	35.778355	213	206	218
2.667363	-2.536545	35.614574	49	47	59
12.583729	-8.374993	35.718578	29	26	31
0.235188	-6.171160	38.027531	170	159	159
2.748845	-2.144929	33.750496	212	212	222
6.022687	-10.654641	38.125568	175	177	187
7.808887	-2.474696	34.022675	201	194	204
-3.584460	-3.939595	37.406029	136	135	138
3.677293	-2.084144	37.557629	204	187	188
6.866261	-1.683023	31.030611	219	209	212
8.940998	0.121432	28.996117	166	149	83
-0.808508	-7.714417	37.813675	164	159	160
-0.706151	-7.220460	35.114910	149	146	150
-5.764592	-0.464601	35.697521	43	29	29
3.725167	-4.507160	37.319218	25	23	31
10.378638	3.028553	27.571930	249	242	237
-11.448742	-9.050559	30.613604	177	186	187
8.631063	-10.508417	39.494308	34	34	34
5.374337	-11.680906	40.394665	177	165	167
6.501482	-3.152953	34.263859	210	213	247
6.616567	-5.908467	35.578850	89	42	48
7.748599	-5.939137	35.766018	86	74	88
13.431318	-6.574469	35.820625	57	54	60
13.042073	-2.489736	29.889231	206	202	212
6.019147	-0.986895	34.285385	25	3	0
5.118232	-10.036806	36.264072	49	52	70
7.752139	-2.289423	32.679810	137	130	140
11.195571	-7.648203	34.205322	33	31	45
0.776850	-6.943298	38.013523	24	21	27
2.892517	-1.803592	33.808765	48	28	21
8.707223	-2.895944	32.757618	52	51	63
3.900692	-12.457532	39.720921	166	168	168
10.046830	0.320635	31.524473	252	232	210
-2.871895	-4.764787	40.019722	184	176	176
7.962750	-6.307335	37.377460	145	138	170
8.099615	-1.730687	30.014830	142	136	143
5.799051	-5.528941	35.467949	85	74	122
9.624219	-4.928531	35.546581	181	178	191
-1.786381	-2.979048	36.241253	18	9	4
13.691142	-6.257687	37.994827	174	161	162
-1.112881	-5.860373	35.787601	217	201	191
9.320510	-1.981540	34.573032	137	133	140
7.439230	-2.697065	31.048670	55	48	60
8.355034	-6.467780	37.424324	159	150	154
2.682197	-11.022196	37.666382	162	160	161
-6.951351	-10.657385	35.680832	40	1	0
-0.308802	-11.831356	38.208450	37	22	21
5.333784	-6.363620	35.284031	179	177	202
13.065420	-6.566469	35.570084	161	172	195
4.180055	-4.705739	35.252037	148	149	167
0.004933	-11.517159	38.459698	50	40	44
12.895001	-9.528876	39.576660	35	41	50
2.252720	-11.839736	39.277416	31	23	30
-9.529408	-5.879858	36.690285	33	22	20
15.147795	-11.520222	39.766254	191	188	194
11.644708	4.739631	30.844202	220	202	170
-4.158625	-3.850810	39.833981	172	169	173
15.025291	-2.266613	26.803795	33	31	43
10.293852	2.580392	27.868519	251	237	237
6.944747	-11.374582	36.531563	53	29	23
3.989158	-5.102539	33.416424	134	139	161
13.132044	-6.205845	35.801205	188	175	173
-4.084256	2.707081	34.926662	156	154	174
9.623401	0.308260	30.303825	242	220	194
12.364938	-8.209560	35.018970	29	26	31
14.627681	-9.912978	39.754562	142	136	140
-6.108917	-0.595151	37.616505	28	21	24
11.482019	-7.836145	35.112595	63	59	73
13.000273	-10.153085	39.557888	168	166	168
5.772919	-0.976451	33.406528	18	3	0
7.981320	-9.833850	36.686081	46	46	47
-0.956733	-7.571577	40.625225	184	177	175
-0.703112	-7.122618	34.798187	149	146	150
-0.855868	-8.238122	40.482857	65	58	58
0.427897	-7.009273	37.995026	213	210	216
6.698505	-3.206811	35.171329	210	213	247
6.062071	-10.887599	38.924236	195	198	209
0.709678	-6.935272	38.101002	32	29	35
5.677130	-10.776658	38.007729	139	142	159
13.182251	-6.430303	35.120487	57	54	60
8.075370	-6.220098	37.068497	65	56	80
6.551609	-10.928322	38.214214	13	14	19
0.157389	-5.690815	35.431004	201	186	184
3.605633	-2.373388	37.248959	203	199	210
6.266238	-10.576482	36.158375	162	159	165
2.775847	-2.229165	34.651546	188	187	197
3.331542	-1.917144	37.240200	48	28	21
10.736037	3.132106	28.469826	207	197	182
-4.660741	-1.853363	36.263435	14	14	24
3.919902	-4.746949	39.306240	90	88	98
10.440703	2.974374	26.900520	255	251	245
4.892595	-11.064444	37.720978	171	159	161
13.825863	-9.313971	39.689636	224	220	229
3.608370	-2.101061	37.271935	178	165	173
2.769415	-2.635184	37.071609	136	134	146
-4.463909	-2.071802	37.712276	52	53	58
7.378903	-6.554056	39.776344	93	18	24
10.273216	2.743786	26.063829	76	71	71
7.952362	-2.380662	33.619751	96	89	101
12.809760	-9.574140	39.563934	20	23	22
7.539468	-2.389062	33.101978	204	197	207
5.960686	-7.079010	39.444977	67	73	105
2.906071	-6.696122	37.637188	150	150	165
-2.680091	-4.441162	37.320671	184	176	176
5.689998	-5.479455	34.843414	89	60	123
-7.302157	-11.180657	37.454563	55	15	12
6.810846	-1.666281	30.793846	219	209	212
2.062906	-11.060889	36.783035	31	23	30
4.117104	-5.266047	34.554180	157	160	181
9.404055	-4.843893	34.841991	201	196	212
-1.901753	-3.122932	38.194572	22	15	14
15.624830	-1.996170	28.425644	218	216	222
12.108363	-7.438271	35.016090	90	95	124
4.289328	-4.883493	36.556446	168	167	184
-8.004784	-5.940252	39.112183	140	131	127
15.135829	-9.731446	39.805668	109	103	98
19.368578	-4.679935	34.765114	223	217	221
8.259943	-6.403840	37.082424	96	87	106
11.620303	4.704393	30.775360	169	151	116
15.282896	-1.996761	28.438940	40	38	48
13.382217	-4.550184	33.501671	100	89	90
8.638607	-4.339268	32.431934	206	199	210
12.995492	-1.927940	28.476381	57	55	62
-3.703385	-3.891259	37.458591	92	91	94
9.040440	-2.791276	32.962048	124	122	132
13.853483	-6.970969	37.690388	159	173	198
7.561638	-2.718953	31.583916	65	58	70
12.654586	-5.737220	35.086636	201	184	175
-1.144942	-6.127141	37.702000	217	201	191
8.357550	-2.802975	31.663126	65	65	76
-11.530820	-9.182020	30.961645	177	186	187
9.543518	-2.017585	35.469028	77	74	80
6.184839	-1.958851	33.427563	134	118	116
5.419222	-1.223410	30.959513	210	172	149
5.660275	-1.279454	32.327675	210	174	138
13.838680	-9.453343	40.303951	229	222	237
6.026344	-10.171056	34.763760	180	173	181
6.799573	-6.144209	36.998158	93	18	24
9.742503	0.259042	30.846985	194	179	115
8.039954	-6.285359	37.192795	109	101	131
6.235672	-6.234204	36.886631	143	72	88
-9.877680	-6.109181	37.945683	68	56	57
6.424065	-1.044081	37.281155	33	13	4
10.601869	-8.574966	34.448704	182	181	189
7.345414	-2.630922	30.725943	39	32	44
6.574411	-11.037124	38.809414	6	7	12
14.818436	-10.066621	40.389523	111	105	109
0.183309	-6.731555	41.933899	177	164	166
12.702334	-2.423919	29.068895	206	202	212
2.599268	-2.473796	34.770203	49	47	59
6.814508	-2.192112	30.203083	234	227	237
6.093280	-11.107901	39.697948	196	200	215
-0.651029	-7.775843	38.173508	149	146	150
-0.873915	-7.760234	38.095299	65	58	58
14.595543	-11.317092	44.487492	38	37	40
10.792062	2.882374	27.295830	76	71	71
10.754308	3.167098	28.642143	207	197	182
5.555819	-5.360704	33.933239	113	69	122
-8.082030	-5.926059	38.971554	146	135	130
3.859066	-2.481061	39.542595	143	141	149
3.604547	-4.466850	36.591457	90	88	98
13.888677	-2.035348	30.498451	74	73	77
11.478284	4.631256	30.374210	208	188	133
0.670812	-6.424933	35.520363	21	18	24
-0.876014	-7.120996	38.265560	216	211	210
0.355256	-6.608166	35.382755	213	211	216
8.659566	-4.344200	32.535500	206	199	210
13.114388	-4.488790	32.890770	100	89	90
4.471864	-5.089729	38.202099	179	178	193
13.867025	-7.063838	37.849174	138	154	183
6.639674	-1.660305	30.210762	147	135	135
12.962697	-4.879427	34.762787	107	96	103
10.457075	-5.376902	38.785007	193	190	205
8.063319	-9.902938	36.847542	46	46	47
13.068293	-6.413797	34.782372	56	56	63
-5.375134	-2.361423	46.087280	117	117	125
2.967802	-1.846936	34.440636	65	49	46
4.356919	-5.542129	36.600117	163	167	187
-6.149508	-0.609285	38.248943	28	21	24
-4.917766	-1.957485	38.272850	22	20	28
8.870004	-2.820419	32.590748	115	114	125
8.376162	-6.509986	37.228996	118	111	120
-1.214970	-6.240474	38.374599	192	173	161
-3.823725	-4.000248	38.596992	123	122	125
-4.173148	2.779709	36.500698	156	154	176
-1.858745	-3.752036	41.133736	124	117	128
13.059247	-8.048122	37.778702	54	56	84
5.690523	-6.760607	37.539742	94	97	127
19.391581	-11.716011	40.753536	60	59	72
13.412003	-1.858064	28.469591	216	215	219
0.536466	-6.448905	39.634468	25	16	19
4.311524	-5.123157	37.432220	185	185	202
15.407575	-5.298231	38.713688	63	60	67
9.149234	-4.644063	34.622711	211	207	215
3.779348	-4.590533	37.388332	101	99	111
10.975122	2.878742	27.821930	154	144	164
11.097448	4.460034	29.379829	208	188	133
10.242191	0.258394	32.336590	182	172	68
6.544213	-1.048165	38.060242	33	13	4
-0.809831	-7.261908	35.605686	164	159	160
6.455067	-1.666318	29.567871	147	135	135
2.987822	-1.896821	34.645882	143	127	125
16.433872	-11.233823	47.643444	213	206	210
-0.989418	-8.195370	43.929028	159	152	151
0.714058	-6.627632	36.263737	32	29	35
2.613403	-2.135975	34.556114	233	233	243
9.361909	2.640548	24.626024	251	247	240
10.174973	2.994194	27.095280	246	236	222
13.198543	-2.530933	29.933825	183	181	192
3.090232	-2.767851	39.417923	102	100	112
13.501903	-2.001394	29.899622	60	59	63
13.703724	-10.628117	41.807251	172	171	172
7.797423	-2.444201	34.573002	202	196	205
14.632568	-10.511208	41.925850	240	230	232
3.673857	-2.363972	37.611069	203	199	210
7.467251	-1.796389	35.604076	124	111	124
12.676368	-6.651376	34.912788	150	166	194
6.135185	-1.425482	35.138889	210	176	133
4.437994	-5.644914	37.394302	171	174	193
7.367609	-5.812578	34.318657	109	101	131
-10.398537	-6.518908	40.160118	73	62	63
-1.302538	-7.142387	44.116249	186	169	160
6.121206	-5.660658	34.128696	113	29	43
-4.718347	-1.907903	36.870087	23	21	31
-4.461700	-1.970562	38.311283	202	205	212
0.075730	-5.858150	36.239994	177	164	166
14.248385	-4.991510	35.847748	65	58	64
0.727182	-6.869188	38.030224	36	33	39
14.384101	-10.327809	41.233280	241	231	230
9.471666	0.270051	29.491104	215	196	140
0.402182	-7.159112	37.861042	215	214	219
11.424243	-8.719445	35.610931	15	18	21
7.789431	-2.557565	32.507847	40	33	45
-0.929607	-7.952255	41.760422	210	203	203
13.583100	-9.302235	39.113373	230	223	226
13.927482	-9.310781	39.148407	133	128	123
3.065728	-1.904599	34.817436	48	34	37
3.483299	-4.236694	34.621414	21	19	29
5.166669	-5.937653	43.875401	185	185	202
2.760132	-2.485877	34.702000	69	67	77
11.081457	4.455931	29.102186	247	229	207
12.268005	-1.841135	27.065992	50	49	53
13.629855	-4.987499	35.821381	50	45	50
10.353865	3.055638	27.268612	255	247	243
9.439104	-4.790586	35.491585	205	201	211
2.900624	-1.862285	29.765615	227	216	225
13.858131	-11.212367	44.942612	114	112	124
7.921777	-1.934116	35.409142	164	152	152
15.662414	-9.746062	45.184170	89	88	110
5.142149	-4.272306	34.922836	167	164	170
9.536472	2.469153	24.121883	98	91	95
8.478113	0.007949	28.395864	58	32	2
6.805687	-1.590881	32.410034	48	33	44
-8.212839	-6.013677	39.386967	136	124	120
5.878731	-5.600341	34.920616	144	41	69
5.547866	-0.902626	32.281082	17	4	0
6.334623	-5.758679	34.987228	113	29	43
3.179926	-4.516792	34.522266	197	195	207
0.568751	-6.239362	38.109711	25	16	19
8.498463	-5.930832	34.310410	167	148	131
-8.941935	-5.642149	34.342117	31	22	22
5.545099	-1.311848	32.269421	210	175	138
13.645495	-8.940174	35.890064	70	63	61
5.962104	-1.723139	32.308922	95	72	71
-0.056069	-6.334170	38.514160	36	29	31
1.787786	3.596930	36.811123	177	176	191
11.114321	4.515165	29.311047	242	228	215
15.793787	-7.494258	38.100079	188	187	190
4.675577	-3.906730	32.063763	172	169	176
3.233842	-4.759418	36.384392	180	178	190
9.758369	0.001564	32.664185	59	31	0
-4.002779	-1.924528	35.006721	154	151	157
6.332946	-1.462844	37.148972	209	175	132
6.897150	-1.484857	32.511768	104	89	101
3.814692	-3.859470	36.609760	75	73	85
2.716577	-1.788065	31.977032	66	52	57
3.117577	-1.944771	31.095280	225	215	224
-0.865372	-7.626413	39.438732	214	209	211
0.341166	-7.699551	39.824261	198	199	207
1.976194	-1.864219	28.874128	230	228	236
7.228104	-2.145424	32.518948	226	214	223
2.546042	-2.269220	31.892254	74	72	82
14.487433	-2.668134	32.841873	206	202	212
7.730472	-2.642889	32.548912	39	32	44
5.885275	-1.645073	32.406891	95	70	67
7.746312	-1.897036	34.600224	164	152	152
-11.041843	-6.974131	43.020134	30	21	21
3.181442	-3.875912	31.800303	19	17	26
0.621176	-6.431242	35.409874	36	33	39
6.475754	-7.383593	41.477146	88	87	114
11.468141	-4.164454	32.825546	76	76	87
0.443172	-5.901753	35.464314	32	26	29
9.818908	-5.090844	37.490841	206	203	209
4.819332	-5.532916	41.267235	189	188	205
9.215021	-6.402567	37.376320	177	152	129
14.360171	-5.338014	37.888878	80	73	76
4.775831	-5.891851	41.343639	184	186	203
-9.320005	-6.710040	44.187298	138	126	122
5.319714	-5.202867	32.035374	144	41	69
-4.361674	2.845675	38.387009	171	169	189
1.185236	-6.421611	36.860344	189	187	188
6.138608	-6.400464	40.809860	180	186	204
-0.818975	-7.198790	37.239513	214	209	211
10.836717	4.360600	28.464346	247	229	207
3.522877	-3.977721	33.771793	14	12	20
8.887452	-4.702699	34.590641	206	203	209
1.486242	3.249496	34.039658	179	179	191
8.249048	-2.804278	34.553852	61	54	66
0.311339	-8.786974	45.923550	194	194	203
7.604673	-2.169508	34.496887	211	200	196
2.917711	-1.927262	33.873013	66	52	57
2.288068	-2.125962	33.740402	192	190	200
5.003454	-4.213901	34.029045	167	164	170
10.150065	2.895534	26.765007	221	217	213
10.622447	3.216277	26.718254	28	20	9
11.227416	0.354549	34.607857	216	198	137
7.607464	-1.539352	34.503956	88	71	75
13.138371	-2.812088	31.311613	35	34	41
11.383033	-5.574147	29.953241	46	38	40
-3.971016	-1.935858	34.870598	154	151	157
9.205955	-6.626718	39.363277	182	167	149
10.386082	-0.067292	34.624702	59	35	1
12.177740	-6.239906	34.946194	40	51	80
7.760103	-1.811048	45.415115	213	174	133
1.318745	2.594135	26.769276	83	83	92
9.205292	2.487548	24.111816	159	155	149
10.641286	-2.054939	46.598473	131	117	122
10.509153	0.241391	31.779907	206	183	115
5.096632	-0.912821	31.447582	21	9	0
5.056883	-6.679746	45.598122	197	195	211
5.078862	-5.366617	45.770126	28	26	36
8.142210	-4.389334	31.672884	206	203	209
5.092035	-1.371646	31.425100	211	174	133
7.923410	-2.077429	31.704269	25	26	31
9.576859	-0.223431	31.781090	66	39	39
7.682587	-2.538449	31.673561	33	26	38
2.088664	4.035631	46.066994	180	180	192
