3.763445	-3.524188	26.598711	152	150	172
2.409858	-2.881864	22.203814	189	187	198
2.203109	-2.880440	21.518284	39	37	47
5.613831	-4.641120	28.878820	32	28	41
7.077486	-4.567050	22.328634	159	155	166
12.445326	-4.908133	24.534042	5	2	19
4.959142	-3.426287	25.675343	21	14	24
11.994083	-4.723452	22.817572	146	144	154
7.936658	-5.650383	25.037554	163	161	170
8.408697	-6.310932	23.358124	128	119	130
4.542840	2.813588	13.687531	35	34	49
13.443585	-3.501736	27.381817	162	161	176
7.597144	2.212394	14.678423	25	27	41
11.333186	-2.959173	23.080925	124	123	138
12.579745	-5.071246	24.503979	91	89	101
3.332141	-3.750159	28.112640	62	62	74
8.167514	-6.236343	23.344831	191	178	186
8.291642	-6.116911	23.427557	176	163	173
7.938862	2.092362	15.338860	149	152	163
3.762132	-3.623888	24.867760	165	145	161
7.802428	1.950424	15.197392	26	25	36
5.656621	-4.288254	24.926426	126	126	134
11.619079	-0.633782	24.152889	43	39	48
13.241609	-5.034125	24.804714	27	25	31
4.642940	3.201186	14.058137	76	76	86
11.462857	-0.551399	23.641890	15	13	23
8.691181	-5.220323	25.910831	153	148	150
10.987512	-0.451559	21.841579	124	122	132
6.439966	2.982073	14.685674	55	64	66
13.134261	-0.027921	23.426006	18	11	20
10.010182	-0.863857	21.102671	125	118	121
6.809268	-5.353359	30.262976	32	32	40
12.033333	-2.762438	22.034061	8	7	14
10.940276	-4.678538	21.058558	116	113	126
6.607807	-2.708194	22.578402	194	191	200
3.178205	-3.195472	23.900925	47	45	66
13.039915	-5.419474	26.454618	125	125	134
6.456429	-3.927167	21.774183	184	185	204
7.584887	-5.205753	24.727116	117	113	124
12.764420	-6.701861	31.205713	18	5	13
11.830828	-4.139661	21.360809	7	5	12
12.069627	-9.106215	33.541687	208	197	206
-18.897232	-14.182777	45.929947	110	95	86
7.332349	3.436351	17.161694	104	104	116
8.028052	2.347304	15.518004	128	130	144
4.843910	3.235541	14.406749	160	158	166
2.485775	-2.303125	17.685143	13	14	35
4.463114	2.777744	13.503881	63	62	77
6.842862	3.043170	15.954902	65	63	75
7.959837	2.101948	15.383451	160	162	174
6.576912	3.061000	15.076455	48	51	60
6.483183	2.956898	15.094525	176	174	186
7.769287	1.928361	15.169291	93	90	100
-5.595789	-5.243479	22.045574	111	107	119
11.114459	-0.438368	22.130686	134	132	142
10.728416	-0.575657	22.327757	43	39	48
8.607006	-4.194465	23.273582	61	51	51
13.167142	-4.871564	25.956497	5	2	17
12.811390	-3.350845	26.142313	162	161	176
2.686899	-3.211518	24.440825	201	200	212
5.885528	-4.069324	30.465267	24	17	27
2.973128	-2.859757	21.322701	138	135	157
2.430230	-3.171364	23.691729	99	97	107
3.666896	-3.570827	24.670666	134	125	142
5.688384	-4.722468	29.462244	40	36	49
5.680524	-4.297096	25.248096	146	146	154
13.360435	-4.653058	25.964169	116	114	122
13.093793	-5.158188	25.812782	5	2	19
8.459188	-5.091887	25.220589	153	148	150
11.713200	-4.624873	22.293274	140	138	147
12.379611	-5.027474	24.241251	67	65	77
7.743245	-5.068892	24.522196	75	71	82
12.161633	-4.259273	21.957769	43	41	49
4.086514	-4.927928	22.306112	155	166	185
7.141941	-4.341867	24.114807	120	121	142
9.300662	-4.130638	23.879980	149	141	150
8.356290	-5.949205	26.361355	119	117	127
13.376375	-3.082488	24.473795	100	98	103
7.053931	-2.926174	24.221752	92	89	102
13.033700	-0.005605	23.226311	16	10	17
12.132290	-2.933405	25.534273	25	22	40
3.891190	-3.913299	29.257647	122	120	138
5.709894	-4.580445	25.642864	89	90	97
7.642557	-4.187599	24.400099	202	201	216
12.120794	-5.201902	23.330830	35	33	43
12.809512	-5.329013	25.986876	83	83	92
8.266394	0.072660	22.695688	123	121	130
9.718564	-4.303791	24.956369	149	141	150
13.639618	-5.353641	26.890245	38	35	52
2.338706	-3.091037	23.040506	99	97	107
4.931406	-5.862297	26.506020	182	190	209
-18.645954	-11.134471	46.658474	90	74	88
3.240138	-3.158401	23.280746	133	131	153
4.301918	2.685240	13.102410	146	145	160
5.768955	-4.008448	29.948938	76	69	79
2.640043	-3.139405	23.927736	206	204	216
5.358830	2.444492	12.494605	63	65	75
13.391695	-6.342892	35.739483	165	161	169
13.592067	-3.526030	27.740778	138	137	152
13.084456	-4.909189	24.493668	12	10	17
9.687057	-4.450426	25.419168	46	35	44
6.874367	3.043073	16.008812	65	63	75
12.378760	-2.892130	22.671068	23	20	24
5.912722	-4.901746	30.634125	92	89	102
7.610367	2.229498	14.715039	40	42	56
7.408518	-3.092356	25.390123	92	89	102
7.417149	1.939883	14.438054	155	156	169
5.429994	-4.150357	24.138573	113	113	121
13.135918	-3.190695	27.640266	31	27	46
9.605271	-5.817839	28.513496	90	85	87
15.072506	-5.287788	29.286053	118	116	126
6.697268	-4.096388	22.652571	120	121	142
12.437366	-4.325456	22.414152	43	41	49
-18.275963	-9.789744	46.080162	81	73	82
5.294357	-4.308417	23.850082	89	90	97
4.935121	-5.189372	23.152433	178	177	194
12.841628	-5.069640	24.441002	84	83	93
7.230095	-4.009484	23.292797	159	158	173
12.379611	-5.027474	24.241251	67	65	77
11.015051	-0.446900	21.968529	133	131	141
11.286454	-4.791519	21.725061	97	95	106
10.729257	-0.612962	22.296007	43	39	48
2.018075	-3.114133	21.789537	201	199	209
12.196336	-4.554479	24.164171	11	9	23
3.899043	-3.824476	26.268314	114	105	121
7.321549	-4.791709	23.151327	193	189	200
7.852626	0.058777	21.632433	123	121	130
7.388132	2.996861	14.133945	76	86	79
8.897649	1.745733	16.486330	132	131	134
12.395866	-3.206073	25.484436	87	86	101
2.423111	-2.995065	22.313112	190	188	200
4.020653	-2.920913	21.178942	23	20	26
3.521996	-3.540872	24.498877	96	91	109
3.910362	-3.272776	20.613935	27	26	38
10.600310	-0.631390	22.009321	11	8	16
8.948533	-5.401905	26.471260	149	143	146
2.860038	-3.719300	28.465425	79	77	87
13.284974	-5.650781	25.456327	35	33	43
-19.852991	-11.941315	49.975410	14	2	6
8.085170	1.963652	15.726694	136	133	139
7.770454	2.072973	15.074129	160	162	174
6.231603	2.769902	14.623764	65	63	75
6.088051	-3.701691	20.591072	184	185	204
13.011370	-4.626380	25.453548	126	124	134
2.604107	-2.871472	23.204729	45	45	57
5.903528	2.708401	13.788184	61	61	73
6.805966	-3.781483	21.923355	195	194	209
14.854198	-6.039127	29.086592	70	68	82
12.303779	-0.535802	24.513039	21	19	27
6.227853	-5.526349	28.590118	142	137	144
11.752048	-4.653195	22.367228	140	138	147
9.084684	-4.051442	23.439068	149	141	150
4.841709	-4.002829	21.868521	26	26	34
12.071775	-3.014512	25.371059	22	19	36
4.077979	-3.550894	25.822783	30	12	26
7.381115	2.124648	14.280584	22	24	38
4.925725	-5.901186	26.476538	142	153	173
14.124490	-3.188406	28.490862	132	130	142
4.456105	-4.750102	21.138741	177	176	193
13.729322	-5.182626	25.783356	27	25	33
3.441783	-3.375268	24.534760	167	165	187
12.550980	-5.249620	25.246784	67	67	79
8.834031	-4.093765	23.216312	51	35	42
10.455204	-0.827815	22.144186	132	126	128
12.870499	-4.861599	25.525726	18	15	30
-1.502738	-2.305288	9.184179	195	192	210
5.251595	-5.051449	24.913780	159	155	162
3.187191	-2.838086	20.518759	36	14	29
5.385526	-5.706345	25.043524	167	165	185
3.157122	-3.181778	22.041475	96	91	109
13.342188	-3.417972	27.193865	146	145	160
12.937091	-3.175096	27.070282	22	19	36
9.581899	-0.566641	19.873535	8	6	14
12.597482	-2.851827	25.338467	30	27	42
11.706115	-0.452166	23.265879	134	132	142
10.040811	-0.784486	21.274269	140	134	137
4.466292	-5.267784	23.557764	186	187	208
-8.072956	-1.700790	22.582125	135	133	133
9.212432	-4.407311	24.761391	141	133	138
4.445261	-3.173644	22.972965	18	12	21
11.789441	-4.202339	23.024775	118	116	125
6.978980	-3.836681	22.338249	202	201	216
7.960718	-3.513721	20.686819	170	165	176
4.813068	-3.889897	24.813910	20	20	32
11.276239	-4.689257	22.585817	78	76	90
9.661917	-3.209922	22.169655	103	101	120
6.314964	-5.045788	32.965210	86	84	95
-14.844084	-8.864342	37.501675	31	16	31
1.079690	-1.649548	10.802359	40	43	54
9.553306	-0.582588	19.849279	8	6	14
8.816362	-0.666617	19.340620	131	124	127
2.434632	-3.163935	24.264450	45	43	53
11.657374	-3.960814	28.080265	26	29	36
11.038259	-2.842394	23.423594	16	15	26
11.499685	-2.987002	23.637333	146	145	160
2.420067	-3.004916	22.092989	190	188	200
12.424814	-4.024330	28.529221	95	95	121
-15.430984	-2.585690	43.755093	148	146	144
4.920409	-4.348540	31.519722	39	16	32
5.667409	-6.037882	30.429163	167	168	184
4.261867	-4.097424	20.626322	192	186	193
4.218048	-4.284070	29.951439	63	61	80
3.078902	-3.269633	18.033976	46	55	74
7.207405	-4.382911	24.182169	120	121	142
7.583241	-4.212395	24.603462	171	171	183
7.325370	-4.922817	31.612162	59	57	65
8.931105	0.139059	22.337875	157	156	171
-17.354568	-9.099450	44.042229	50	42	51
2.696779	-2.851392	19.909403	72	70	90
7.577274	-4.591239	22.026405	152	138	141
6.640387	0.047950	18.347700	63	65	79
8.446582	-0.321513	22.621309	163	168	194
1.679606	-2.642102	17.000814	44	45	57
9.269841	-3.564501	22.938599	111	114	125
5.786948	-2.518618	20.075254	72	71	88
2.128018	-2.396473	19.117834	37	37	49
9.942497	-7.714414	46.338696	165	162	171
11.754548	-5.173349	30.964733	115	114	131
17.000172	-5.955877	36.876339	79	78	95
5.361032	-2.670887	19.425558	94	91	106
6.251348	-5.547808	40.743813	58	46	66
4.383912	-3.571973	23.039570	26	25	35
5.699129	-3.892327	25.115900	120	118	126
1.906983	-2.493509	18.147150	175	174	184
-6.968996	-4.937497	35.265537	29	27	32
3.961520	-3.069798	18.467627	150	146	155
7.622095	-2.390643	18.207022	46	50	69
6.018439	-2.679706	20.479109	201	202	215
1.115980	-1.698797	11.601270	95	95	107
10.611568	-0.382287	25.785564	44	47	54
7.422076	-2.872340	21.967579	141	144	162
