6.078035	-6.392108	23.573999	85	87	84
11.692376	-6.430968	22.241272	26	20	18
6.756654	4.526693	22.798508	201	113	116
6.631209	4.300664	22.846554	127	50	52
11.032767	-5.521629	21.074123	47	41	34
12.051864	-6.041316	23.015318	65	61	53
11.905790	-5.567210	22.827795	45	41	40
9.468210	3.519471	22.926512	179	175	167
5.588503	-5.484518	22.931414	85	88	78
7.477416	3.160764	20.421976	107	102	101
5.966547	3.120603	22.113562	110	108	108
12.021914	-4.896205	22.885540	122	120	119
11.488966	-4.398584	21.806499	129	131	128
10.227313	2.912529	22.323795	176	172	162
-5.276175	-3.944200	20.445704	97	98	101
-4.213715	-4.338370	22.502190	76	75	78
6.256421	-4.116952	22.219391	114	109	106
6.384569	-4.164870	22.715456	98	91	91
1.399827	-4.128822	22.740965	81	96	94
4.938498	-4.075823	22.568913	88	79	76
-3.869929	-3.749504	21.008841	100	99	102
6.555113	-3.623945	21.632502	87	88	81
7.269797	2.733041	22.842388	89	84	74
6.042352	2.252093	18.970320	122	116	111
3.832258	-3.541527	22.809427	76	79	58
6.041058	-3.538543	22.730215	68	58	59
-5.153841	-3.282080	20.994982	93	92	97
6.186138	-3.434654	23.429714	70	64	59
5.471822	-3.008019	20.759499	112	98	83
5.977655	2.553704	22.321278	112	110	107
-4.217614	-2.986215	20.635361	171	170	177
5.229419	1.720586	19.670609	134	128	134
10.506691	-0.008354	21.054098	58	51	51
-4.298895	-2.900170	20.620840	99	98	103
-5.577396	-0.373290	22.335627	107	114	117
5.883323	-2.986698	22.290115	82	70	62
3.800547	-2.890835	22.162388	66	61	53
4.033371	-2.971159	22.931210	102	89	77
5.650311	-4.175026	32.100086	144	123	102
5.933173	-2.923082	23.192730	123	100	82
5.916058	-2.796953	22.243183	76	56	50
-3.758126	-0.335914	20.171560	150	140	149
3.491287	-2.326808	19.182470	126	109	100
-5.070566	-0.396795	22.128580	143	173	156
4.168932	-2.778601	22.905411	173	148	133
-5.333352	-2.690319	21.731194	89	87	95
-4.099106	-2.289886	20.463169	171	169	177
-5.054462	-2.309859	20.761717	79	79	87
-5.764196	-0.636797	22.688856	93	93	101
-4.114548	-2.203531	20.072512	113	111	121
-6.366876	-2.331208	21.917185	92	92	100
8.985037	-2.275968	23.126387	101	70	51
9.158938	-2.233052	22.955402	41	21	12
11.542470	-2.087081	22.836903	61	49	50
-4.167060	-1.947820	20.386320	99	96	105
-4.019610	-0.602104	21.319418	149	144	150
-6.302310	-2.072483	21.706512	89	89	98
-3.658046	-1.710841	18.823872	168	155	166
-4.117545	-1.943254	21.210096	149	131	136
-3.665657	-0.558445	19.455229	155	152	158
-5.364899	-0.705128	21.478746	47	49	58
-5.198160	-0.924926	21.514458	132	132	142
4.569777	-1.618659	20.906446	81	81	78
-4.329045	-1.756930	22.074604	127	148	135
-5.181930	-1.690397	21.470713	93	91	101
-5.379339	-0.927297	21.536556	62	62	72
-3.764024	-1.387690	18.623985	115	131	128
-4.061836	-1.521447	20.276068	83	114	94
-4.458914	-0.937213	20.981859	144	179	161
-6.549832	-1.698283	22.564264	100	100	111
-9.626785	-1.453536	20.279808	145	145	157
-6.304095	-1.295568	20.689835	115	115	125
-5.559777	-1.250380	21.406654	68	69	76
-5.476051	-1.017755	21.571196	99	99	109
-3.941181	-1.018142	20.961914	138	137	135
-3.951961	-3.366914	22.727921	27	18	18
10.280825	-3.210481	23.063255	103	102	105
-4.128191	-2.568726	19.947941	106	104	112
11.535533	-6.389637	21.992523	22	16	15
-3.863672	-0.354189	20.594103	159	151	159
-5.547961	-0.609203	21.871544	71	71	79
-3.818194	-0.574186	20.385983	151	148	154
11.980907	-6.047503	22.949203	46	42	34
-3.583261	-0.542977	19.013828	159	160	163
11.384582	-5.318863	21.831034	40	37	38
10.585674	-6.252993	25.883821	75	77	77
6.635191	4.304894	22.792032	127	50	52
5.778639	-5.704924	23.852539	85	88	78
-5.253874	-0.711477	21.086449	48	48	58
-5.292668	-0.931343	21.923523	132	132	142
-9.102020	-1.178789	19.461632	137	137	149
-5.266664	-1.186333	20.279949	76	76	84
-8.480042	-4.611838	19.482357	82	70	78
-6.374298	-1.434426	22.494673	118	118	131
-9.605245	-1.454276	20.236658	121	121	133
-3.980291	-4.100542	21.258450	91	90	93
5.922383	3.402136	22.597748	197	195	196
-4.172074	-1.548238	20.655355	94	124	107
5.927316	-3.898704	21.052494	109	105	99
-3.763232	-3.933173	21.209118	24	23	26
-3.800232	-1.398103	18.799540	115	131	128
1.430574	-4.218048	23.269371	81	96	94
4.892337	-1.744063	23.551661	48	48	45
-3.860595	-3.745516	20.964008	98	97	100
-3.751777	-3.660881	21.143661	26	25	28
-5.053169	-1.645051	20.933739	93	92	102
-4.023045	-1.649773	20.669758	150	160	155
5.085841	-1.866791	23.645271	81	76	75
6.210418	3.217808	23.076750	107	105	104
-5.444564	-2.037342	22.523983	95	93	103
-4.004909	-3.125750	20.066158	158	156	164
5.593409	2.912265	20.796762	103	103	103
-5.418762	-3.405205	21.750515	81	80	85
8.695975	3.145417	22.779686	172	171	164
6.196559	2.692044	23.253839	112	110	107
-5.270559	-3.110351	21.392263	84	83	88
9.568315	2.738127	20.892702	187	183	175
-4.035608	-1.909748	20.734669	134	125	131
-4.138690	-1.911169	20.742094	144	134	145
7.523428	2.839556	23.648064	89	84	74
5.727302	-2.894933	21.664482	98	85	74
-6.175461	-2.053351	21.259106	80	80	88
3.816246	-2.993208	22.631975	55	53	45
7.035880	-3.626536	27.640062	98	81	73
5.096172	-3.765496	28.952103	138	120	100
5.963535	-2.946851	23.300871	123	103	91
-4.521939	-2.129797	21.866219	102	99	108
11.207791	-2.085095	22.201385	34	27	25
-4.369462	-2.179292	21.089329	106	104	114
8.886072	-2.160122	22.245190	61	41	29
-5.832119	-2.933823	23.686127	99	97	105
-4.055693	-2.329105	20.838551	141	138	144
9.175215	-2.341643	23.710152	115	82	59
10.489767	-0.021815	21.082092	63	56	56
6.151956	-3.598865	23.046812	70	61	59
12.846360	-0.021769	25.736292	100	94	93
-6.564688	-1.662953	22.580961	84	84	94
-6.333688	-2.756351	21.442310	70	70	78
6.418360	-4.223570	23.109810	101	94	94
5.139507	1.689037	19.330538	147	141	148
5.381093	-3.530231	19.122799	122	116	111
-5.314058	-0.992790	20.938372	86	86	95
7.315267	3.102185	20.057133	121	116	115
6.140691	-3.384762	20.275143	100	98	90
4.216181	-2.807344	23.169897	173	148	133
-6.190388	-2.267622	21.310526	99	100	108
9.576291	3.563297	23.190420	179	175	167
6.861490	2.196147	23.339457	132	127	126
-5.060655	-1.104481	21.545635	98	100	109
-3.810695	-1.406468	18.845490	115	131	128
11.877161	-6.028209	22.855263	42	37	31
6.513676	4.220551	22.484407	114	45	50
11.115699	-5.202202	21.400911	37	34	36
-4.891863	-1.621712	20.323332	85	85	95
-8.301165	-4.503006	18.447590	153	147	142
6.009831	-5.861925	24.398802	102	105	95
5.554677	3.590979	21.107624	114	97	100
5.428901	-1.925067	24.781376	105	102	100
-4.148607	-1.717307	21.151869	162	168	167
5.959728	3.374644	22.636602	189	187	188
-8.501710	-4.618506	19.529394	82	70	78
5.749603	3.004670	21.368620	103	103	103
11.925614	-4.877191	22.570652	135	133	134
11.566238	-4.404548	21.301645	145	142	139
9.037594	3.276719	23.727560	182	181	174
-5.312285	-3.982322	20.595245	84	84	87
-3.836905	-3.950835	20.479172	96	95	98
6.978806	2.630535	21.872295	102	97	88
-5.671770	-1.269219	20.334959	118	118	131
6.780804	2.497821	21.855421	135	128	126
-3.334414	-3.601285	19.302116	26	25	28
4.922676	-4.159750	22.816198	102	92	92
-8.926455	-1.172868	19.095900	142	142	154
-3.995488	-3.868788	21.675577	98	97	100
-5.141018	-0.893987	21.366659	132	132	142
-5.206516	-1.152503	19.955582	78	78	87
11.449821	-2.144971	22.691004	34	27	25
-3.954428	-0.338560	20.783684	162	157	163
-5.443236	-3.433795	21.861017	84	83	88
-4.101386	-3.078460	20.295492	166	164	172
-5.164302	-0.418351	22.575644	143	173	156
5.927734	-3.332067	22.527384	96	86	73
-5.008660	-2.971906	20.344482	76	75	80
6.680843	-3.069648	22.359650	143	137	131
-3.653432	-1.645482	18.259674	182	180	190
5.891269	-2.913487	22.391563	98	81	73
4.738107	-3.435571	26.484165	138	120	100
-4.507381	-2.239913	21.642954	106	104	114
-5.741589	-2.907422	23.303749	89	87	95
-4.216508	-0.630394	22.172537	146	141	147
-4.333239	-2.631869	21.727730	156	154	161
-5.209575	-2.441675	21.423939	79	79	87
-3.745237	-0.545469	19.674303	159	160	163
-5.306935	-0.719962	21.300800	52	52	62
-5.745816	-0.896091	22.776514	63	63	73
-6.652307	-2.963793	22.411329	71	71	79
7.121154	4.645106	25.276819	130	84	91
11.658169	-5.961441	22.482296	42	36	31
6.196407	3.487636	23.471020	195	192	194
11.331905	-5.316836	21.809605	59	51	51
-4.150688	-2.049644	20.120230	117	115	125
6.275637	-6.125145	25.472303	112	113	103
9.147301	-2.285833	23.173485	75	52	40
11.395504	-2.129917	22.606499	34	27	22
5.514720	2.755209	20.361958	98	98	98
-5.456482	-2.637100	22.232216	81	81	89
-4.132151	-2.452274	20.617542	164	162	170
5.413772	-5.334398	22.906948	50	49	49
7.084770	2.626630	22.360958	116	110	101
6.919643	2.543399	22.336954	135	128	126
5.354075	-1.829481	23.806713	125	119	118
-5.582886	-3.374858	22.425798	77	76	81
5.584362	-3.188453	21.182049	113	101	86
-9.403232	-1.399069	19.947710	154	154	166
-5.247053	-3.405286	20.522823	130	128	135
6.372374	-4.331164	23.222210	132	128	123
10.440778	-1.517188	20.231577	165	156	155
11.227003	-4.283244	20.672720	166	161	159
8.742551	3.090385	22.775898	121	120	111
-4.075118	-3.966769	22.030821	98	97	100
-5.770802	-1.286052	21.935616	59	59	67
-4.734193	-0.834775	19.887094	123	123	131
-5.676882	-1.338608	20.471676	126	125	140
-6.432820	-2.249613	21.852407	80	80	88
-3.561990	-3.448397	20.411943	20	20	21
5.296640	-4.622030	24.694386	95	88	90
-5.499718	-0.813187	21.781233	49	49	59
-4.347148	-1.586402	21.450533	80	117	94
3.791635	-3.730715	24.006411	41	50	34
-4.720741	-0.813161	22.907696	84	115	93
-5.016885	-0.409382	21.934719	128	153	141
6.926122	-1.703148	17.566227	133	97	70
5.360063	3.470326	20.372711	118	102	106
5.893486	2.502540	22.036053	130	126	126
-5.960200	-1.717221	20.239038	124	129	135
-4.576666	-3.005649	21.825249	102	101	108
-5.598998	-2.946530	21.908287	153	151	159
-8.480837	-4.603472	18.848427	153	147	142
12.746460	-5.277913	24.089642	147	142	146
5.348802	2.049728	20.549465	204	198	202
-4.768425	-1.033117	20.293087	95	95	104
-8.104347	-4.443812	18.746748	84	71	80
11.410723	-5.340784	21.968630	38	35	37
5.777924	-1.966629	25.701395	144	139	138
-4.268618	-1.790000	21.273664	176	175	179
-4.379380	-2.162300	21.375216	101	99	109
11.001050	-2.109358	21.852461	35	27	30
6.005359	3.962781	19.754789	201	113	116
-3.958050	-2.318587	19.713526	178	176	184
-5.329559	-2.553620	21.558548	80	80	88
5.942204	-2.910851	22.355450	81	67	62
5.986341	-3.412957	22.518173	87	75	73
7.755898	5.080282	27.547579	121	69	74
6.554986	2.446370	20.419367	107	101	92
6.761475	3.844614	25.646759	208	205	209
3.491041	-3.319106	21.829504	43	50	43
5.785901	-5.186690	25.475676	176	167	173
-4.536693	-4.280448	22.081982	140	139	143
-4.621736	-1.004665	19.672503	96	95	104
11.227032	-4.283255	20.672773	166	161	159
5.410000	-4.716084	25.230659	90	83	84
-5.621253	-1.259025	21.280357	78	78	87
5.827051	2.603505	21.896179	115	114	115
5.166021	-3.372543	19.142801	64	52	55
-5.266573	-1.528692	21.303146	152	152	164
5.405535	1.734111	20.320158	140	134	141
-4.254494	-1.513961	21.202927	81	121	96
7.287176	-6.112159	26.197348	102	105	95
5.909601	-4.926124	21.212635	136	132	122
-4.074697	-3.014018	19.876867	174	172	180
12.382698	-1.813028	23.987267	186	182	181
5.331671	-4.982501	21.059793	109	111	103
-4.510536	-2.915758	21.570896	106	104	112
-5.190689	-1.804207	21.362095	87	86	96
-7.678266	-4.236538	17.870504	84	71	80
-3.733560	-3.612364	21.392523	15	15	16
4.690792	-1.417113	19.756521	149	144	143
4.116624	-1.136150	18.158604	113	110	108
-3.453003	-3.519413	18.156630	90	89	92
10.805378	-2.069780	21.464911	35	27	30
-4.699956	-3.580716	18.665545	97	98	101
-3.850580	-0.469417	19.665344	171	172	176
6.094193	3.462852	22.741428	208	205	209
7.252470	2.723675	22.605267	89	84	74
6.057752	3.976185	19.910740	193	114	116
6.311035	3.168566	23.607004	108	106	106
5.327682	3.514093	20.279896	119	98	104
-4.562764	-1.899839	22.172487	175	176	181
3.949230	-2.495276	22.437170	125	103	96
5.777305	-3.906875	23.363165	183	165	146
-5.129074	-3.090929	20.381489	74	73	78
-5.487435	-1.914822	22.268198	85	85	95
5.465178	2.113504	21.252449	206	202	206
3.619631	-2.278269	22.638090	38	43	43
13.101832	-1.935542	25.371149	191	184	183
9.191494	3.290700	23.884033	174	173	165
-5.254042	-3.417299	20.465334	120	119	124
9.278789	-2.282226	23.476543	75	52	40
5.333087	-4.773566	23.492804	181	174	180
-5.465079	-1.568192	22.177330	152	152	164
5.546140	2.425199	20.706760	119	117	119
5.653912	-3.736915	21.137455	44	32	37
3.309937	-3.142244	20.707430	48	56	51
-5.327133	-1.222730	22.072416	100	100	108
-4.429779	-1.552928	22.070679	84	121	95
5.250687	-4.590430	24.466576	91	84	87
-4.820271	-0.427339	21.807966	150	177	164
9.167905	3.261291	23.751865	134	133	124
5.742445	2.883491	21.480503	98	98	98
6.240275	2.865665	23.701378	102	101	102
6.601354	-2.849315	31.966862	77	69	70
6.528478	2.440865	20.482044	118	112	105
-4.345697	-1.814905	21.124140	174	177	183
10.412201	-1.980201	20.691698	36	24	20
5.972836	-2.950171	22.671261	81	67	62
4.966268	-1.373389	21.902922	137	130	128
6.318864	3.556613	23.459558	209	206	210
2.036912	-3.822298	21.973049	133	165	164
-4.325975	-0.822309	21.535280	91	112	95
-5.683811	-3.031776	22.226646	153	151	159
5.595316	-3.813123	22.817812	182	164	143
5.601217	-3.718743	20.920652	83	72	79
-5.390027	-0.761855	26.368549	163	164	169
5.310125	-1.472618	22.565331	154	147	147
4.645554	-1.973205	22.542789	43	43	40
4.157181	-2.477834	22.574896	158	127	108
6.173256	-3.066580	23.320385	68	57	55
-6.498325	-1.989870	22.792717	142	142	153
-3.828314	0.513926	21.825655	142	120	114
-5.737237	-0.966257	22.424255	57	57	67
4.209949	-3.351046	22.854374	178	158	137
-5.441995	-1.631082	22.560392	157	157	169
3.922596	-2.746215	26.544405	33	34	37
-4.342040	0.030174	22.002563	167	63	63
