9.217138	-7.231395	33.617550	81	58	52
9.135982	-10.538709	33.291992	70	69	73
9.841681	-2.694083	22.729731	68	67	72
10.010677	-11.299256	36.527691	39	39	41
9.184634	-10.323847	40.056065	178	180	188
6.982499	-8.493812	33.152527	185	185	193
12.684218	-5.130472	31.205156	200	206	207
13.372044	-3.693786	30.913456	196	197	202
6.180952	-3.584237	11.817914	57	54	62
10.625480	-14.126850	46.737038	75	75	82
12.484456	2.835020	33.138809	151	138	133
12.599991	2.526359	33.399338	90	70	65
5.342464	-6.060319	19.523800	107	107	107
-16.023556	2.210764	43.741135	119	121	121
3.311028	2.462967	45.080399	38	34	28
9.792603	4.764808	35.469910	167	147	138
-2.741428	1.512888	41.768150	142	148	149
-2.498571	0.895866	37.930664	151	151	151
12.986682	4.666596	32.250889	45	29	23
-7.279612	0.231224	41.826267	126	125	118
-8.751823	0.221110	46.354706	151	144	142
12.844831	4.811157	33.254932	40	29	24
6.331176	-0.794974	37.784294	106	93	90
15.702933	-0.598888	31.533617	132	125	116
-1.121086	6.366065	38.198792	170	171	176
6.398826	-1.098636	37.706684	109	100	96
9.492580	-2.093737	46.341106	51	49	46
2.870713	4.163260	45.714344	124	106	109
10.516883	-10.959774	35.212753	41	42	34
15.333192	-1.380213	31.686983	89	80	72
7.785746	-10.718743	43.249512	67	69	66
7.421552	-10.065305	42.699905	103	105	100
10.610610	-9.714284	42.230106	201	207	224
10.068995	3.029999	30.438854	139	132	140
10.458729	-1.493382	21.274799	100	100	97
19.041903	-2.711473	38.675140	174	172	169
8.875699	-2.970781	39.073391	31	27	26
6.032160	-3.260168	40.860744	85	58	58
7.724291	-11.172826	48.894749	188	188	183
9.287194	-7.872042	34.638969	166	150	137
7.039950	-4.171352	47.165375	83	69	70
5.315541	-3.480465	36.076897	139	113	108
18.374201	-3.359780	37.066406	77	75	73
-1.428543	-4.382665	43.484859	99	38	4
9.753132	-4.859073	20.172897	95	94	97
13.340408	-4.137769	40.867107	80	80	80
3.812460	-4.668245	41.388474	175	160	162
8.275150	-5.334069	25.469481	121	98	89
7.453541	-8.359118	28.278458	195	197	197
13.876250	-9.613287	48.819859	123	76	24
3.777828	-7.593183	38.738731	85	73	75
5.834432	-5.524658	40.423740	145	139	134
5.026803	-6.765855	46.412453	161	161	158
3.351469	-8.642163	44.345226	51	49	53
4.713216	-5.614473	37.881588	165	165	165
7.906128	-8.356219	48.998638	53	48	46
14.932903	5.498805	37.487030	24	11	4
3.920606	-4.593395	31.283302	158	156	154
9.577175	-5.141468	29.464653	90	90	93
3.036189	-7.880278	47.636940	140	134	129
6.439688	-7.244945	43.682564	39	41	60
4.494607	-10.351296	34.358250	109	111	108
9.102297	-10.470376	36.204384	109	114	113
10.222983	-3.123031	31.163963	57	56	57
17.834263	-2.739926	35.736977	107	106	99
0.421596	-2.386986	46.150936	113	102	109
13.908720	0.513459	32.205177	176	165	151
11.040966	-0.153124	35.011154	70	60	53
-0.042473	-1.582431	37.179913	105	106	96
9.217945	-7.724586	34.542732	184	169	160
11.386721	4.979354	36.432507	185	175	178
11.977882	-5.246029	24.486105	74	75	78
9.231134	-7.282965	33.667374	80	58	47
15.587274	-3.009156	34.791634	168	164	167
9.581858	-5.149331	29.441496	108	108	111
5.862902	-3.440962	40.817673	51	3	9
10.533802	-14.095139	46.755859	61	62	68
6.158885	-3.575961	11.820984	52	50	58
11.152324	-3.471200	34.274590	75	75	75
6.189970	-3.352352	41.957520	73	43	44
13.324152	-5.423635	32.817886	145	151	152
14.257519	3.314849	38.842861	113	103	104
-8.524711	0.225608	47.383270	154	153	141
-17.404028	2.386428	47.120914	120	122	122
3.719560	-4.390562	38.446098	183	167	162
11.641441	2.173611	32.992523	64	44	29
2.613895	-7.164172	43.347237	158	151	149
8.473509	-1.939561	41.248211	29	29	26
6.997054	-7.847494	26.519075	209	211	211
7.747455	-10.781904	43.432133	134	136	131
8.275187	-5.334092	25.469591	121	98	89
-1.226807	7.030709	42.130680	137	138	143
-3.066597	1.060154	44.040207	102	104	101
6.350333	-7.725012	30.151318	187	187	195
14.317218	3.263520	38.234509	161	149	151
6.648519	-4.342267	45.083744	153	136	131
6.387908	-0.830537	37.295490	139	126	119
3.105291	-6.341643	41.423550	97	94	79
9.009096	4.211127	32.042622	181	163	157
7.107979	-7.901127	30.596878	178	180	188
14.381029	-3.670166	30.959461	197	166	171
-9.242476	0.231046	48.710648	151	144	142
8.844099	-4.405038	18.289486	95	94	97
5.070087	-6.976780	47.278267	135	136	133
4.540469	-5.527393	37.326752	181	184	184
11.892231	2.384799	31.514599	90	70	65
0.069957	6.470524	45.607113	194	168	172
3.275555	-8.459405	43.533566	46	42	45
-1.512947	-4.646179	45.709736	108	39	8
5.774441	-5.303166	43.048023	48	35	41
17.084461	0.838299	39.006069	130	116	103
-2.930979	1.576356	43.555645	145	149	153
8.838695	-10.121129	35.114662	109	114	113
13.011297	-2.367172	33.145931	84	85	91
2.629486	3.822979	42.168667	136	117	121
-1.097434	6.403927	38.594116	137	138	143
6.509207	-8.905885	38.552326	205	205	200
0.006317	6.116912	42.928177	172	153	155
5.779860	-5.407852	39.698601	159	153	148
11.504550	4.143788	29.126310	25	14	9
12.069356	4.472630	31.217318	49	40	36
11.164103	4.899122	35.688004	174	166	170
10.096753	-9.210068	40.256023	171	179	197
8.766536	4.097717	31.170465	181	163	157
8.442526	-6.059469	30.072325	124	57	17
4.137033	-4.914443	43.454227	183	167	162
10.835709	-3.383384	33.369671	83	83	83
4.696684	-9.549698	49.068375	84	71	72
8.938412	-5.830589	27.746361	100	72	58
14.473274	3.283371	38.883030	165	154	156
14.498982	3.012421	38.334774	90	70	65
8.630151	-4.240137	17.703346	83	82	85
-16.407887	2.271590	44.452187	136	138	138
14.317044	2.719439	40.707401	94	73	59
8.676140	-3.840225	17.753164	94	95	98
7.103085	-4.520987	47.735863	152	135	130
4.138375	-5.057831	34.030670	181	184	184
16.313421	-3.150354	36.395164	168	164	167
5.925629	-3.445745	41.127876	55	10	16
-3.170648	1.632734	46.062847	145	149	153
8.415787	-7.199225	31.611319	159	148	142
17.975561	0.803838	41.181736	121	105	90
-8.763389	0.237288	48.727230	154	153	141
-8.729754	0.225296	46.554573	151	144	142
11.349351	-9.004001	41.479328	82	60	45
7.350015	-2.509695	32.280346	52	52	49
7.196636	-0.926305	42.626335	127	114	107
8.158305	-1.910037	39.880589	29	29	26
7.736084	-9.589820	37.306576	188	191	200
2.351916	-6.538364	39.325157	149	140	138
0.285743	-1.821964	38.423363	144	139	141
8.258863	-9.290987	35.752129	167	170	177
13.344517	-5.465058	32.826462	123	129	130
9.258900	-10.623037	36.771366	109	114	113
9.040302	-3.700826	39.797127	63	63	66
2.509295	0.093155	5.803536	104	88	72
-0.089587	-11.259985	49.477280	100	28	4
-20.969040	3.781556	46.197983	118	118	113
7.060045	-1.691827	34.671349	22	23	20
18.179461	-1.665837	36.853271	99	78	76
15.376747	3.416774	41.451561	167	156	157
8.338725	-10.469016	40.198730	179	182	191
11.599546	-3.641726	35.806107	83	83	83
9.242463	-4.114698	18.846886	62	63	66
13.813213	2.661902	39.268261	78	57	43
-3.193679	1.000119	44.558590	100	105	101
-17.434483	2.341290	46.792004	122	126	126
5.999687	-3.752268	39.751789	160	148	145
9.894278	-3.970800	43.386150	34	33	36
6.917067	-4.584156	21.600485	93	62	45
4.776052	-4.453988	32.468632	145	139	134
5.760429	-3.363242	40.074177	51	3	9
6.315918	-0.897704	36.834103	123	110	103
8.885754	-7.700929	33.661800	193	186	184
8.721351	-7.876922	34.425842	200	203	221
7.393312	-10.182911	41.297684	92	94	90
7.583718	-2.659852	33.148113	31	30	28
15.405985	5.649869	39.703743	39	30	25
6.920639	-9.565041	41.115665	191	192	187
10.437844	4.502182	33.407547	185	175	178
9.903841	4.629518	35.296173	150	132	126
12.651713	-9.075570	45.402031	115	54	12
8.057337	-3.951286	16.475313	83	82	85
-8.974287	0.196325	49.367619	93	90	77
17.483917	3.221261	41.771755	131	117	104
1.776991	4.058071	47.482304	113	91	99
4.257515	-5.416561	46.876137	142	121	119
11.136370	-3.465224	34.253380	75	75	75
-21.292757	3.838690	47.213509	143	143	138
11.664646	5.034888	37.712727	189	179	185
11.697479	4.183164	29.652517	25	14	9
19.707821	-1.677674	40.217587	84	66	62
7.466528	-1.035136	43.079025	155	142	135
19.851625	-0.474497	39.506622	60	55	45
10.720329	5.011807	37.763027	194	175	177
7.058164	-2.798261	30.366686	17	17	20
5.252746	-5.061432	38.926689	16	6	13
10.455485	2.287439	28.103029	163	153	154
12.168310	-10.905442	47.947712	208	206	216
7.813810	-6.713014	29.390911	159	148	142
5.257653	-3.083838	36.753193	47	5	10
19.605686	-2.904871	40.688995	59	59	56
20.055267	-5.492939	46.519051	166	169	173
13.511483	4.433988	41.663353	159	146	153
9.982978	-4.877323	28.235178	72	76	79
3.659623	-6.934717	45.884289	152	149	107
2.301544	2.929705	42.431870	125	125	120
14.370571	2.647461	34.344860	106	92	75
16.487619	-3.128365	36.527855	193	187	186
-4.226257	-1.382258	40.821037	139	141	141
-3.302850	-2.742491	43.806267	162	126	76
13.219484	-5.007533	29.971703	228	235	244
14.530266	3.000561	41.593884	72	50	40
8.746209	-5.074248	22.734369	86	85	80
22.373255	-1.138813	46.041283	199	193	184
5.654742	-3.443046	36.177803	163	161	162
16.523996	-0.396189	32.909515	68	59	51
5.914150	-0.829620	33.604538	155	142	135
7.248389	-1.990757	17.072451	188	192	183
12.459850	-1.954023	25.867329	59	59	56
10.211403	2.135023	27.566959	166	156	157
9.430563	-3.861435	23.038492	200	206	207
12.095931	-4.653453	31.791840	195	196	199
11.694658	-3.647829	36.126701	83	83	83
12.892522	-9.523021	47.149441	129	62	25
9.054495	-2.071727	45.154575	17	17	17
-12.754136	1.726341	34.247993	147	149	146
9.467148	4.454993	33.457424	195	177	173
13.220252	0.326979	30.414204	97	77	57
9.826744	4.242458	31.855663	191	181	182
1.918229	-9.077882	44.478268	202	168	150
3.396936	-7.858330	40.536278	125	127	130
14.777636	2.745861	35.539040	106	92	75
0.142703	-2.205832	48.117928	144	134	135
7.085031	-1.982743	16.765841	190	193	185
9.070918	1.846852	25.964394	65	41	35
13.861235	2.907289	37.790836	158	156	154
9.946813	-5.110760	28.490540	86	92	93
14.363590	5.071384	36.775356	39	30	24
-3.125177	-3.284731	46.932171	196	143	75
14.232853	2.675834	34.736412	141	127	109
14.336106	-4.452069	44.848206	101	101	101
10.310025	-4.203088	25.136955	226	232	233
8.904270	3.009531	27.974228	180	167	163
4.928732	-0.756604	27.773262	155	142	135
4.073548	-2.635842	30.080063	26	0	2
-3.802774	-3.085598	48.214745	156	105	50
4.361562	-0.714120	23.804682	162	150	139
8.141701	2.835473	25.805643	188	177	178
13.178497	-4.145273	40.653179	75	75	75
13.210146	2.744415	37.574913	63	40	34
3.188688	-4.102597	26.845181	156	158	159
11.268071	-2.898245	49.432400	135	134	134
-2.198746	0.689626	30.506025	153	157	159
