21.261513	5.351156	39.921192	145	133	138
-9.652418	3.268958	28.857224	150	118	78
12.225805	-7.523737	24.179647	63	53	53
22.633102	4.576241	38.698154	142	131	124
2.068233	-3.605367	28.925772	102	105	113
25.768942	5.499886	45.248169	162	153	150
16.903913	3.220695	29.836750	132	122	118
18.567394	3.378658	31.768841	169	159	158
15.285666	-9.045732	30.087719	151	140	149
1.781952	-2.599544	27.219093	179	182	174
14.431242	-8.318275	28.358370	168	151	155
16.088324	3.013660	30.336252	168	160	165
-9.180181	3.386578	28.423887	173	137	78
-10.014609	1.155273	38.233093	65	43	22
7.356801	0.809216	24.733852	121	119	119
6.129658	0.324599	18.041399	93	75	65
-9.476663	3.411712	26.795628	59	10	0
-15.311910	-0.282323	40.443604	188	179	190
17.736835	1.992187	30.546345	177	166	163
8.767899	-0.078179	17.287445	197	182	172
9.455682	-0.213099	24.122593	173	176	187
6.478809	-0.446307	24.501638	192	185	196
12.032485	-0.587830	35.001041	195	194	202
8.863180	-0.858559	28.951757	106	99	102
4.634036	-2.163332	22.644131	30	28	45
-15.576401	-2.642618	40.065300	109	110	114
-9.936589	3.549552	26.693903	94	45	5
-17.321148	-4.475248	47.290154	60	66	80
2.968473	-1.605043	26.353344	206	199	213
5.507831	-3.845319	27.481222	28	27	28
10.855759	-1.490536	24.007164	56	38	30
3.508997	-7.310929	33.009880	56	117	112
2.869570	-6.699614	32.624779	195	184	180
13.303623	-1.597437	24.084900	219	188	135
2.788397	-6.107312	30.205408	79	70	68
-15.666923	-3.583484	42.299515	152	153	172
-3.020911	-3.037920	35.975391	173	171	181
4.096049	-8.063604	40.026051	74	77	74
3.918471	-3.031858	28.596657	160	149	156
-18.027210	-5.561800	48.943874	157	163	175
1.416624	-2.766902	24.779371	219	223	208
3.192237	-2.700253	23.654442	63	56	59
4.101903	-5.701362	28.665476	81	91	72
1.436212	-3.056449	25.112999	20	26	27
4.762827	-5.267553	26.788940	39	25	19
4.920071	-4.176525	21.859161	207	190	168
5.315427	-5.340458	42.627110	155	152	147
2.290467	-4.813589	37.386108	43	39	31
-18.009151	-6.295327	47.066341	56	60	73
8.617340	-4.845561	37.962616	52	38	22
14.059406	-6.181504	47.090443	61	43	8
6.174401	-3.147524	23.588501	80	51	7
5.555771	-3.528656	26.375631	142	139	149
4.432204	-4.443416	31.887121	22	44	57
5.637955	-3.780346	27.027636	36	42	47
10.406207	-3.124593	20.674723	176	170	163
4.509960	-2.481560	16.091646	199	190	191
1.166267	-2.484972	19.017929	179	174	173
8.505199	-3.657240	22.848789	146	141	128
14.957913	-9.156328	29.081043	122	112	113
11.436333	-3.065655	24.523567	41	21	0
0.466208	2.179208	24.614136	16	15	36
3.110312	-5.810547	30.411646	80	128	113
14.759995	-3.147058	26.826294	127	112	102
9.742696	-8.846210	31.976252	159	159	160
-3.214196	-1.701943	26.608915	129	131	146
0.562101	-1.811757	24.879068	11	9	31
8.870405	-5.668877	42.095207	123	123	131
3.791514	-4.159178	36.410465	83	94	90
1.474298	-3.093088	27.267685	195	203	194
-17.374840	-5.412384	47.383102	148	153	164
-2.849937	-2.873273	33.932056	96	94	106
3.047638	-2.364865	22.244688	169	161	167
-16.982012	-3.655383	46.001862	96	98	109
-16.926891	-4.332119	46.162045	48	51	65
3.120093	-5.558169	43.481255	153	153	161
2.043280	-3.653063	29.073570	118	121	128
-13.940047	-2.936573	37.640022	65	65	78
1.484483	-3.174134	25.953968	28	32	34
4.139494	-4.173038	33.307644	167	162	157
2.372655	-5.028818	39.242817	30	25	15
-17.298698	-6.018779	45.065453	51	55	69
-10.684339	1.258482	40.893093	104	83	63
-10.092589	3.608843	28.292152	87	40	9
10.921111	-6.228110	48.550816	60	47	45
4.069281	-8.896178	43.997623	54	50	49
7.340186	-3.260571	24.588673	51	33	3
6.583946	-3.131556	23.387503	34	18	5
-14.768492	-3.423685	40.012600	152	153	172
4.336734	-8.780612	43.435257	59	62	66
6.889733	-3.695406	26.827188	187	168	76
3.502466	-3.521016	25.204468	23	33	42
4.515955	-6.278841	31.550627	81	91	72
4.086858	-2.837008	20.381086	58	58	57
13.055807	-1.551051	23.879818	254	221	226
19.180113	4.763236	36.067032	152	140	145
6.080283	0.652480	20.475128	149	149	146
4.802441	-5.370515	27.335232	40	23	19
-6.224730	4.108255	37.761398	156	132	120
10.811239	-3.108510	20.575659	154	147	152
9.737021	-2.943164	19.375999	141	139	135
2.486643	-1.395370	22.681303	205	198	210
6.867054	-3.875915	25.265471	167	159	159
-14.538816	-2.432801	37.402889	149	150	152
-16.391308	-0.306324	43.293022	166	158	167
10.494834	-6.182044	20.652971	140	129	138
9.325871	-0.921057	30.510344	128	121	124
9.559822	-0.496487	27.913553	190	185	189
-3.477563	-3.224230	38.552708	96	93	105
6.406991	-0.427490	24.245485	160	154	167
16.525068	3.128668	29.171274	69	59	55
-22.449539	-1.358798	46.818176	128	121	128
8.887918	-0.180294	22.628147	173	176	187
18.456879	3.484164	34.850574	167	156	160
4.075328	-2.646605	20.332764	41	58	62
5.139118	3.083465	22.010534	209	220	231
-4.826473	-4.208967	40.637493	116	115	120
7.699765	0.503146	23.083487	45	40	42
15.012666	-3.195046	27.469017	148	137	127
3.573262	-3.912054	26.184114	187	199	198
2.152506	-5.026936	24.456825	187	180	172
8.727157	-1.139085	18.939947	190	181	178
9.289659	-1.282600	20.592222	52	33	28
-10.864412	3.877831	29.079458	94	45	5
7.056341	-4.836201	34.524380	43	44	50
3.955372	-1.594250	10.542075	59	50	44
1.738333	-2.636379	27.603296	172	191	182
-9.551906	3.245907	28.566515	150	118	78
6.869806	-0.701435	22.451097	162	155	158
-15.971999	-3.419416	43.268684	76	78	88
6.468814	-0.443924	24.528021	160	154	167
4.571273	-2.466733	17.769585	154	137	55
23.335363	-0.066863	46.458603	185	174	161
-16.360327	-2.746171	41.871799	121	122	125
-2.035029	-2.246418	26.943459	218	217	222
3.289907	-6.636518	32.524384	59	66	74
-17.038795	-0.375967	45.247620	199	192	196
4.916892	-4.267294	22.134310	222	207	188
-14.496748	-3.352562	39.172035	122	121	139
14.066186	3.416415	26.618969	152	142	146
4.946158	0.535324	16.866272	167	167	164
8.468782	-5.051796	29.802172	203	200	201
-17.039366	-4.432836	46.405792	47	50	63
-9.826538	1.150887	37.604263	104	83	63
18.365519	3.491455	32.445358	51	43	40
-17.373283	-5.337782	47.316544	157	163	175
1.746622	-2.346985	21.684893	145	156	159
1.270382	-2.683166	23.500368	138	150	144
13.132416	-3.958443	26.027271	95	93	89
9.860188	-5.570277	36.263741	190	181	182
13.705889	2.648808	25.940325	172	161	160
4.344218	-4.416470	35.659389	205	195	185
1.708403	-3.678947	29.954006	28	32	34
4.928161	-5.043629	36.080299	52	57	69
6.448179	-4.529595	32.498104	49	49	45
7.189599	-3.672863	27.299955	86	67	31
7.456278	-3.566357	26.531691	37	23	13
-18.912703	-6.545587	49.268661	51	55	69
4.464893	-3.600646	33.424690	162	155	158
1.663315	-4.132457	30.734489	152	162	159
9.973042	-6.684666	39.689663	37	35	32
4.986471	-5.543323	37.310219	187	199	198
-10.020264	-0.562376	35.563148	91	86	88
14.932718	-3.147771	27.349394	131	118	94
3.776423	-4.124963	36.263439	83	94	90
7.218669	3.252499	21.341949	55	37	25
4.252189	-6.001776	29.880966	126	141	121
-3.147194	-1.799219	23.418629	181	178	184
-5.026649	3.362187	31.371174	85	67	60
7.169481	0.728730	21.020788	56	53	59
12.869260	-3.722474	24.501080	120	113	120
8.426207	-0.147855	21.440102	143	144	156
7.029864	3.095237	20.338345	59	41	29
6.238569	-4.294868	30.509981	43	44	50
-3.017771	-3.515638	39.934055	175	178	185
5.102341	-4.273582	15.982597	52	52	52
3.115341	-1.916987	30.748140	174	167	181
6.178929	-4.077178	31.421961	73	100	95
7.804329	-4.418292	28.412933	89	83	82
10.710258	-7.120127	42.341991	25	23	19
-16.194862	-2.592794	41.135170	152	153	157
-16.233076	-0.403622	43.179989	199	192	196
-4.192106	-2.048993	29.380262	44	40	52
-17.187359	-4.532702	46.589447	49	49	63
9.064088	-2.764760	17.968985	137	134	130
12.804531	2.137922	24.034443	54	41	36
-9.692801	0.425582	38.950813	185	160	132
1.663677	-3.499499	28.293844	36	34	32
-11.136703	4.079257	27.691105	93	80	82
5.002047	-5.553995	37.601406	187	199	198
6.226615	2.745525	18.383120	55	37	25
5.710237	-0.838667	21.677729	78	72	80
9.665837	-0.966413	31.515978	128	121	124
6.106348	-0.447126	23.064257	187	180	190
2.968752	-6.514294	29.239914	121	152	137
8.597095	-0.423651	25.391468	211	202	194
6.269553	1.202020	20.951975	104	102	105
-17.412935	-4.064879	46.752964	71	70	89
9.389366	0.992705	27.496178	56	53	59
7.665146	-3.481075	25.916313	91	73	32
-12.705745	-0.765208	45.286045	87	79	85
7.198737	-3.669212	27.273626	86	67	31
6.001447	0.673670	20.516214	167	167	164
1.014131	-2.132169	18.758028	196	203	201
3.637594	-5.093135	25.280161	123	145	125
10.022253	-0.066521	19.995865	197	185	175
1.616223	-4.023672	29.233690	142	152	149
4.329108	-3.535004	33.438473	166	159	161
6.166971	-7.102872	35.695225	80	61	64
19.470232	4.687038	36.751465	171	162	159
7.474229	-6.661018	34.242786	189	191	176
3.131551	-1.291742	8.989842	61	55	49
-6.041502	4.043836	37.710701	167	144	127
-17.174585	-5.301017	47.000870	169	176	188
-10.739809	1.290650	40.816990	71	50	32
0.244094	-0.115178	1.193621	123	112	105
8.152585	0.825632	23.841461	56	53	59
-2.921572	-1.403885	23.473528	111	113	138
3.601748	-3.616604	29.591862	208	193	185
1.901937	-3.978905	32.350277	19	15	9
6.269777	-3.692541	21.821890	207	202	204
-19.344769	-2.905010	48.866199	164	165	168
2.690120	-1.584455	25.627523	226	219	231
3.677443	-8.051571	36.430122	58	118	108
-15.598980	-0.491116	41.644562	183	176	177
6.242922	-3.091819	22.418579	37	25	14
7.284938	-5.001292	36.383537	25	25	25
5.733798	-3.135324	20.563070	199	190	191
10.807693	0.008483	21.449430	199	193	196
-9.767633	-0.535041	35.279343	23	20	24
22.439053	5.405254	42.363148	176	166	163
8.034921	-1.119243	30.186451	191	181	183
5.183383	-5.978179	29.968836	80	61	64
6.331179	-0.312654	18.703602	204	194	185
8.009776	0.948758	27.529062	165	165	163
3.746745	-3.319199	17.092049	201	204	186
4.071207	-4.607905	31.278513	220	210	209
5.361960	0.986140	17.629990	60	53	51
-10.192321	0.511949	41.170567	200	175	146
-6.893006	4.681697	43.615723	174	150	132
11.332999	-3.374017	22.313427	178	170	166
-0.973356	3.232420	27.888744	17	16	19
3.083570	-4.254132	20.933294	68	105	90
-2.945730	-1.596791	20.836170	173	170	174
-5.411820	3.719769	34.854900	174	150	132
10.315566	-1.688552	38.432343	97	88	85
3.941615	-3.972894	32.841827	215	197	185
1.677357	-3.278027	26.912600	11	9	5
1.017201	-2.204247	19.664253	212	219	214
-16.853527	-5.268973	46.574276	200	205	217
2.665190	-2.677489	19.706633	38	38	43
2.909507	-3.658783	34.478977	221	211	220
5.725812	-7.022049	34.442921	161	63	75
8.141310	1.033677	28.235617	167	165	167
6.461638	-3.256415	23.680405	33	29	18
4.456139	-5.207955	35.637501	226	216	216
4.007689	-3.244206	30.783209	166	159	161
6.751991	-3.775764	24.737936	167	159	159
4.837075	2.846309	20.824638	216	227	238
7.510008	-4.582330	26.520750	169	169	169
-7.505995	2.758770	22.909340	222	173	103
7.705061	0.829585	22.701721	43	41	49
-3.223961	-2.578055	34.401592	36	30	37
2.967271	-4.914493	37.424839	180	178	184
7.031034	-10.024366	48.462009	63	100	94
-12.545349	-0.624289	44.479530	36	32	36
20.634529	0.067585	41.054665	176	170	177
4.766663	-2.683864	17.276525	89	83	82
1.871471	-3.558257	30.188648	7	7	7
-0.897922	3.065681	25.416887	20	20	17
-4.233916	2.992990	27.867954	177	151	126
2.372357	-2.900114	27.443624	186	186	191
6.663756	0.797517	23.122791	167	164	168
6.453628	0.552888	19.495356	35	31	42
4.499523	-2.291480	16.677870	57	48	30
-7.491329	0.329961	30.046534	204	179	146
-18.566769	-0.667757	49.971184	213	206	205
6.863394	-0.670667	25.968317	198	190	199
-9.220903	-0.541030	34.397720	12	10	18
1.369895	-3.512425	31.369902	207	212	206
-5.999120	4.204130	41.111362	140	118	99
6.245957	0.897535	20.177513	9	9	9
2.569830	-2.900392	26.699648	202	219	225
2.016478	-3.717021	30.155098	16	19	22
3.522093	-0.380673	12.952816	212	204	211
4.494955	-2.246302	16.078363	36	31	24
-4.344587	-3.724937	46.008461	44	40	51
1.955383	-4.770289	32.894108	186	182	165
-1.241988	1.393654	21.367445	161	132	110
2.162442	-2.307666	26.495686	36	35	50
-4.100085	-3.674030	31.288546	216	214	227
1.580871	-3.295383	30.256977	115	152	144
6.264918	0.654630	21.773842	156	156	155
3.083613	-2.662673	24.553307	150	154	150
-10.253164	-0.550830	38.279255	12	12	20
-3.110761	-3.782165	42.956474	196	200	202
