3.364358	5.878775	22.490828	18	17	23
11.128414	-6.476754	31.271862	65	68	79
9.454640	-0.682938	29.609884	58	72	64
3.228263	-4.245637	13.374906	185	183	193
20.839069	-7.221479	37.457489	74	46	25
16.575428	-5.797717	32.405376	29	16	7
4.740057	-5.761045	18.252983	26	26	34
-3.720440	-10.728628	45.268204	140	140	151
12.226028	-6.033032	34.527451	51	47	58
9.886080	-4.431146	25.266516	30	25	32
9.038406	-8.400954	26.950119	14	14	23
4.728599	5.023942	22.792000	152	24	75
15.678524	-8.103920	36.836418	186	186	196
11.567399	-4.638956	28.097475	182	176	188
12.740184	-9.267132	41.764011	176	177	191
1.523094	-6.661216	42.951073	30	19	26
13.004719	-4.991210	33.586754	155	155	167
9.701653	-8.626960	28.407001	150	149	159
9.994112	-1.379357	18.654451	169	158	94
8.767557	2.130394	32.872837	221	199	212
19.110119	-10.097161	41.707851	239	235	240
-3.812435	-1.329177	16.383640	212	212	215
13.638732	-0.538570	41.919849	202	221	187
5.788369	1.436526	12.852508	176	176	184
13.512477	-0.509595	38.786186	195	215	196
4.838051	1.364385	12.867990	165	162	168
6.059758	1.346990	13.272377	45	45	53
8.470416	-7.388333	29.987232	179	162	164
1.689186	0.483181	47.641182	181	170	163
18.664398	-10.320139	40.920391	215	218	227
21.014574	-10.651724	40.610672	169	170	180
7.226782	3.937136	37.183956	147	144	147
3.723244	1.910182	32.420414	215	209	216
1.579922	0.858712	43.092102	163	152	145
-0.089388	2.588269	37.552185	21	8	6
-3.421083	-1.202045	14.677134	219	223	224
8.232404	1.611950	25.528946	174	167	177
1.055049	2.415561	33.847092	147	136	131
7.073737	2.401033	33.778774	212	202	214
6.119381	3.001797	35.128822	150	149	152
6.509501	3.270668	35.716137	174	173	176
11.111967	-3.411396	27.734114	128	126	136
8.442010	1.918762	28.650778	84	84	86
-4.064223	-11.215449	45.011978	88	90	111
9.936191	2.313676	32.697472	160	152	158
14.641728	-7.684139	35.243858	56	56	66
8.695479	-4.559671	20.934895	40	38	50
6.311033	0.925347	14.138618	15	21	26
15.623407	-0.577303	44.915642	195	224	176
1.843855	-11.087403	47.977375	109	103	114
11.425523	2.615043	38.904285	80	76	76
8.269803	-7.413884	24.301220	132	131	141
6.864612	2.313123	32.715275	179	170	180
5.202429	4.879160	32.680573	139	144	147
9.137813	-1.263927	17.052336	203	182	95
-3.610514	-9.964884	39.982563	30	38	57
0.905773	-8.451164	35.241615	131	129	137
10.383982	-1.794617	20.310350	125	128	140
12.819300	-7.783552	41.500431	175	175	187
13.152190	-0.940315	41.272194	69	78	86
-3.861596	-1.335529	16.517071	213	215	218
12.916265	-5.757547	32.969585	44	42	47
14.075327	-0.559235	43.176216	196	218	177
15.414809	-8.235823	33.828407	190	188	194
9.772728	-1.408622	19.497978	113	116	125
9.977299	-7.284193	32.851006	142	146	159
13.557547	-6.927389	26.346798	169	170	180
-0.533024	-7.871782	39.908329	80	40	5
5.866734	1.947420	13.748915	178	175	181
22.789906	-12.170353	44.290386	161	161	171
-1.524571	0.087878	43.323986	10	1	0
6.102407	1.362113	13.380083	58	57	65
6.242779	1.554142	13.873996	223	221	229
6.504638	0.957378	14.582230	28	38	42
18.315670	-9.412204	42.968506	187	187	197
9.974206	1.936120	30.760675	213	204	217
1.608603	0.453049	47.530338	161	150	143
4.899329	1.377416	13.015193	196	193	199
11.624468	-4.667237	28.234423	115	110	121
5.099999	2.546685	28.189291	109	108	111
6.753284	3.886518	36.135429	25	23	23
7.625812	-6.368963	26.396187	52	35	37
15.987165	-5.593738	31.253784	29	16	7
9.878176	2.312257	32.764996	195	188	193
11.912753	-4.034844	29.613668	22	20	30
5.447586	-5.512425	39.401676	29	26	32
0.110842	-0.308709	1.125855	194	182	181
17.785999	0.621013	37.410290	161	166	168
-2.565092	-8.071274	44.716053	34	23	24
0.653273	1.009200	34.824337	111	101	102
1.018837	2.441837	34.280571	150	139	132
3.649604	1.875699	31.883343	146	143	149
5.976043	-5.107663	35.076851	156	152	166
4.637588	4.941501	22.416973	168	72	110
18.590786	-10.377735	45.138859	92	91	103
11.114471	-0.537954	34.183369	196	218	177
6.154019	1.385134	13.503368	58	57	65
15.835958	-8.474849	34.745255	190	188	194
10.726984	2.105287	32.993183	213	204	217
5.517924	1.336195	12.374333	227	225	233
9.753370	-1.404827	19.501150	113	116	125
6.845261	2.263446	32.476101	151	140	153
10.107183	-1.753337	19.759172	155	157	171
2.151814	-6.430860	23.314877	153	153	163
1.196035	0.283258	35.495045	158	147	140
12.831314	2.313181	44.354187	166	156	170
13.682239	-3.041540	35.057209	167	167	175
1.733029	0.923909	48.448601	175	160	149
3.670573	1.873426	32.068771	135	127	135
20.277674	-10.867703	39.477619	156	156	166
4.932866	4.680980	31.361101	123	126	132
10.408108	-5.297896	25.162569	189	187	199
0.742950	-6.816342	28.543665	186	179	187
6.041375	1.086219	20.860147	80	65	71
6.343597	0.936156	14.227963	25	34	41
-3.894726	-1.355905	16.635527	213	215	218
10.000908	-6.214995	33.780487	67	62	64
13.775521	-6.140447	35.040386	86	84	91
10.298373	-6.301427	27.669205	20	23	31
5.754472	-5.081681	20.705954	186	166	167
0.463080	0.629987	29.722004	62	50	52
1.973103	-6.288289	34.746964	140	102	52
15.938777	-7.596541	37.743729	43	41	52
21.042749	-7.338259	41.158203	27	15	7
6.669251	3.868314	35.820122	72	69	70
8.427628	1.973034	27.955717	195	188	193
10.237605	-1.281811	20.454643	202	206	219
-2.105080	-1.338298	49.142689	166	155	150
0.921094	1.164809	45.149956	175	161	163
0.449717	1.015707	45.468792	90	76	78
14.726645	-10.810252	48.579369	44	49	60
5.844274	1.651013	15.397131	200	198	204
-3.573111	-1.269891	15.233350	208	215	213
6.177360	-3.829384	20.827312	54	48	55
7.282111	2.469338	34.545536	212	202	214
6.361363	1.587383	14.168709	227	225	233
6.308372	1.451405	13.857733	133	132	140
-3.799589	-9.921621	40.720959	182	182	202
-3.500100	-9.457921	40.564629	132	130	139
13.118428	-0.676588	40.064026	186	217	165
16.288532	-3.556921	41.938011	167	167	175
18.332861	-8.807306	43.673138	84	82	94
11.418401	2.272711	35.263565	186	181	192
3.849450	1.927822	33.348766	135	127	135
2.302958	-11.183493	44.630379	104	106	109
15.015576	-5.970536	36.111927	122	110	124
21.294113	-11.729992	46.824253	26	29	40
9.959137	-5.996064	32.168442	185	183	195
9.911414	-4.193759	24.223267	107	78	97
6.892259	1.004944	15.425596	25	35	39
17.499815	-8.774601	42.047112	188	186	198
14.667342	-7.674137	34.706562	187	187	197
2.765460	-2.396811	9.778002	52	35	37
6.670945	-6.083777	41.228340	32	28	39
5.044610	4.756070	31.842470	139	144	147
4.994662	3.417831	47.895771	104	102	103
-9.733332	-9.404132	48.138798	156	158	90
8.604773	-3.641627	21.028461	107	78	97
1.003389	0.414511	30.945787	178	164	148
5.500715	0.835787	14.694843	181	204	217
-3.644376	-1.303080	15.540478	209	213	214
4.531030	1.244322	12.100227	196	193	199
5.392900	1.290946	12.126487	227	225	233
-4.997579	-2.681672	14.497718	18	14	10
7.456114	-5.401022	24.456186	176	176	191
12.696736	-5.517015	31.977924	26	19	27
5.725037	1.939877	13.393121	213	204	209
4.716769	-10.802373	43.288342	202	203	208
-3.974265	-10.600425	43.957047	189	189	206
13.877295	-1.918541	28.797327	104	107	121
1.120054	1.450572	48.519272	165	155	156
5.144299	-7.997854	33.138985	114	117	124
-3.781376	-10.210990	43.870590	171	168	178
4.816035	-4.236364	17.499960	187	165	165
7.777661	-3.737900	18.526396	20	18	26
4.826555	1.550524	35.875889	24	16	22
9.341757	-3.089807	19.598093	97	87	94
1.363944	-5.888058	23.551716	162	164	167
4.158607	2.886492	39.538448	131	126	125
6.390595	0.915102	14.264259	16	25	27
8.342879	1.622953	28.451929	55	45	46
5.371360	-7.335413	33.117096	183	180	185
7.172362	-4.470226	19.477396	19	22	29
16.372063	-9.001259	36.009094	101	102	113
4.766303	1.838541	13.086091	215	210	214
2.588844	-2.245856	9.142980	52	35	37
11.185912	1.591670	36.917965	69	61	58
0.963448	1.093691	42.015568	170	158	160
4.876185	1.333585	13.011592	152	151	156
9.094959	-6.587694	29.473795	159	158	172
-1.732273	-0.991862	40.777897	101	88	83
7.150664	-9.912026	44.430355	171	169	174
9.925848	-3.937165	23.634151	183	179	186
-3.146689	-1.128500	13.409597	181	188	182
15.714916	-7.379734	37.160412	65	63	74
17.347734	-3.786694	45.107208	180	180	191
7.263534	2.455187	33.692184	218	213	221
2.346962	1.636328	22.472467	151	144	144
-5.147422	-2.701034	14.775950	22	15	15
0.332344	1.111412	42.583477	68	57	54
14.568692	2.213170	47.858017	61	56	59
8.704311	1.676684	29.628246	55	45	46
3.734102	1.756087	30.775162	162	153	164
3.841854	1.220496	29.240414	22	19	21
6.874824	0.986598	15.350894	25	35	39
15.684824	0.482858	44.877640	203	203	205
16.081774	-0.176819	48.740185	66	59	57
14.163841	1.566485	30.422619	114	117	128
9.090876	2.222758	30.936119	119	118	118
6.770140	-6.270320	42.176228	74	67	78
0.285013	1.073982	37.539108	15	5	3
4.895730	0.747967	13.095878	183	205	219
11.538465	1.757693	37.938168	47	44	52
12.296980	-5.037852	32.338852	163	157	165
9.872547	1.914054	33.696472	112	97	103
11.760571	-5.194400	30.938713	202	197	202
-1.317831	-0.055211	37.973827	5	0	0
13.230917	-5.572450	33.217003	19	15	21
4.594713	2.204635	37.618176	83	68	81
15.389890	-5.745089	36.938393	151	149	158
16.473206	0.540931	47.323849	203	202	205
5.805816	1.933583	26.832279	213	209	216
0.579262	1.123173	15.247872	147	124	111
0.450322	1.258886	18.906401	143	124	108
-3.486762	-1.270565	14.742113	182	193	189
11.199811	1.718317	37.159103	67	61	66
4.482201	-4.721134	33.881798	16	11	17
1.321538	2.531525	34.248562	16	6	5
11.060678	0.295058	31.574814	201	201	201
6.090599	2.116601	32.019997	24	20	29
3.750776	0.832744	28.278128	22	20	25
3.789212	1.555002	30.222450	131	85	108
-3.672328	-1.368745	15.448647	158	169	164
15.076554	-0.111327	45.528328	66	59	57
