-4.812616	-2.221623	12.059535	42	40	46
-7.192514	-2.872047	16.124121	45	46	46
-16.140673	-6.128961	30.460215	163	157	147
-4.067529	4.054863	26.900711	208	201	210
15.181791	5.758692	45.788033	19	21	18
-6.004593	-1.294919	26.367239	228	216	225
1.345927	2.465133	28.769882	23	33	39
-23.701426	-8.530293	44.395199	176	168	166
-4.991069	-1.001701	21.033360	38	31	38
-13.049508	-2.282707	28.625217	96	86	88
-19.215160	-3.113894	41.441639	212	201	206
-2.380239	1.414145	22.161667	148	139	131
-1.905086	-1.067829	5.862650	213	203	200
-8.606949	-3.809644	35.873760	198	177	151
-0.496194	-0.252009	1.628621	201	195	188
-5.828908	-0.834828	20.189507	68	37	11
-10.735810	-12.079377	46.481052	35	40	52
-21.971113	-14.070597	47.578915	43	42	45
2.109496	3.823480	44.831913	169	160	169
8.594133	-0.757560	31.092314	252	253	253
-4.739806	-3.591984	14.021026	68	76	92
4.086864	4.062115	42.868156	48	46	49
-11.349134	-2.534880	22.009556	254	243	215
-15.788776	-8.258193	28.921282	153	151	149
-16.340439	-7.892567	40.951160	214	211	217
-6.667656	-9.943399	43.536388	200	201	206
-19.713957	-5.659185	39.493320	234	222	191
-5.026813	-2.366592	19.102928	163	154	150
-2.506813	0.608975	24.273943	172	154	151
-6.058280	-7.636204	27.344805	57	59	74
-9.268008	-6.656052	24.072153	195	202	213
-10.133609	-5.202743	32.396149	54	27	9
-7.184047	-1.191929	15.439262	208	191	175
-6.628508	-0.652364	22.582245	173	154	87
-11.871926	-5.697647	42.430355	46	42	12
-9.332294	-3.915003	21.717697	44	42	43
-5.874033	-3.910964	16.883356	106	106	106
-14.766473	-3.308808	28.305307	217	183	141
-8.640954	-2.776187	18.522108	227	210	182
-5.724133	-6.847184	25.837006	77	75	86
-0.677605	-1.422435	22.598238	208	202	197
-8.050589	-2.318487	16.125099	222	209	179
-5.948605	-4.211129	17.709732	57	65	72
-15.920593	-5.572281	35.572765	48	28	13
-14.718213	7.040480	39.234554	106	102	101
-8.129327	-1.958210	19.609324	75	54	40
9.018446	-1.299576	40.552547	14	37	50
9.636782	-0.950406	33.059128	216	213	219
-9.084346	-2.917171	19.440084	210	195	172
3.599786	4.038773	41.233269	20	28	30
-5.315316	-2.708180	26.006630	127	128	131
-6.570530	-3.228904	24.528522	93	88	82
-3.628429	-2.543767	10.770741	38	43	51
-11.915915	-4.798832	25.909710	213	210	216
-20.320076	-13.005846	43.993847	37	36	39
-8.192246	-2.368253	16.405731	150	139	120
-22.138285	-7.949318	41.463505	160	152	153
-13.824994	-2.251297	29.788548	226	218	218
-6.130106	-1.219209	25.902304	179	172	172
-16.453051	-3.660026	31.717775	232	202	160
-5.354139	-2.456810	13.347354	44	41	47
-1.794361	-0.997680	5.465772	144	137	134
-4.554355	4.539430	30.108866	183	179	198
9.783886	-0.874588	35.078362	252	253	253
-12.084601	5.629272	38.347748	105	103	100
-25.454937	-11.518938	45.414120	224	223	216
-7.155710	-10.677612	46.701931	223	223	228
-6.880047	-4.918989	17.838526	151	154	160
-6.981887	-1.009179	24.247217	91	56	28
-12.854057	-2.253936	28.185818	161	146	124
-5.495424	-6.658398	24.532459	178	177	192
-11.444512	-4.821481	26.888699	30	29	30
-5.684244	-1.341445	25.377750	181	167	169
-7.741808	-3.055948	17.292061	49	48	51
-5.268410	-0.528469	17.776485	174	150	88
1.451693	2.554399	30.193455	29	34	39
-4.505137	-3.395010	13.271469	53	59	74
-3.441651	0.541977	19.796989	172	162	166
-5.783352	5.366556	35.846760	194	181	182
9.679973	-1.465045	43.445961	11	44	55
-4.886241	-1.186244	11.758521	166	149	36
-6.447483	5.086809	32.831570	154	152	150
-10.702551	-6.804279	23.112751	55	54	57
-4.901641	-2.298826	18.610390	180	174	169
-6.381188	-4.230949	18.285770	130	130	130
-11.594880	-4.893867	26.930557	119	116	120
-13.197716	-5.937372	48.405430	91	77	66
-12.841239	6.118746	34.257023	106	102	101
-13.196127	-4.636728	29.478748	41	26	14
15.351146	5.814072	46.288624	31	31	28
-6.852839	-2.696495	15.239338	32	31	34
-13.997629	-6.782771	34.900215	202	199	205
-6.098339	-2.975413	22.633816	101	95	90
-15.256674	7.298114	40.849163	104	104	101
-27.875008	-12.645011	49.647228	190	189	182
-8.067805	-3.780256	30.491320	177	169	166
-1.530079	-0.862096	4.692817	154	148	143
-3.971695	3.825737	25.662815	212	208	224
-14.874341	-3.314368	28.758705	254	243	215
-6.129042	-0.626170	20.792576	197	174	32
-5.641434	5.228140	35.004688	136	123	133
-10.384210	-12.263832	46.610695	181	181	193
-14.666858	6.918275	46.367359	127	123	120
-4.658512	-2.115167	11.570068	45	42	48
-6.934981	-5.261004	20.456953	53	59	74
-10.555686	-1.771314	22.716530	169	156	163
-5.986018	-4.198938	17.742001	36	42	48
-11.429762	-4.628692	24.924301	220	217	223
13.886940	-1.343088	47.415375	244	250	250
3.972720	4.121249	44.087391	27	25	30
1.310163	2.337245	27.454889	23	33	39
1.174838	2.415397	29.728989	208	192	205
-4.565417	-0.680057	15.917752	86	59	60
-8.123957	-3.865175	20.783978	175	172	178
-10.447216	-7.548679	27.156982	174	179	188
-12.865853	-4.133677	27.531496	138	128	112
-5.362292	-0.900046	21.465754	183	165	158
-9.177588	-2.660669	18.367905	150	139	120
-4.017632	-0.978715	9.703129	116	104	18
-6.518497	-4.367269	18.677689	85	85	85
-14.771454	6.363795	39.535168	83	81	77
-12.099714	2.417465	28.733780	158	120	33
4.432240	4.575667	49.092476	70	63	64
-5.948292	-2.564044	24.122807	173	159	142
-5.274538	-2.373801	13.042426	22	21	26
-7.102355	-5.351593	20.806650	44	49	62
-2.250303	-1.276364	6.951319	154	148	143
-15.281344	-6.196834	33.407696	225	222	228
-12.702996	5.989584	40.121460	118	113	109
-9.629651	-4.587713	24.474888	151	148	154
-17.343878	-3.969405	33.541409	216	180	113
-6.319909	-0.921875	22.019566	75	44	34
12.677917	-1.169370	45.567226	170	181	182
-3.976797	3.793108	25.498039	212	208	224
-4.076217	-0.969136	17.581844	180	163	173
-9.884566	-6.619477	28.312984	85	85	85
-11.834495	-5.644915	21.847376	70	66	62
-13.363661	6.361827	35.843372	123	123	120
-4.866596	-0.505496	16.448416	174	150	88
-2.574752	-8.069228	39.729141	102	102	110
-5.879930	-1.434600	14.192172	152	137	63
-6.912008	-3.369218	24.569164	20	13	0
-12.911996	5.532024	34.619263	97	95	90
-14.792665	-6.261421	35.052235	18	19	22
-6.482485	-1.074800	25.776634	192	169	166
1.349673	2.336061	27.615686	11	10	15
-16.698580	-3.787922	32.478138	246	217	168
-5.177109	-8.510185	34.681961	221	221	231
-5.889961	-4.086974	17.265610	45	46	49
-9.330799	-1.606178	20.123466	172	159	169
-0.898496	-0.479465	2.702029	41	36	34
-4.593012	4.378020	29.402378	187	184	210
-15.146268	-6.688778	37.065155	17	18	23
-2.341554	-1.129059	8.676208	149	139	132
-6.585062	-3.432707	21.454947	35	13	1
-3.669894	-1.746043	9.374693	155	152	158
-13.633768	-5.587573	29.956833	174	171	177
11.788172	-1.193477	40.435493	244	250	250
-2.424868	-1.200125	7.126256	160	148	136
-3.736523	-0.915674	9.048982	116	104	18
-4.439645	-0.880691	18.606318	82	77	79
-4.982718	-1.169782	21.605400	172	154	165
-5.141155	-0.851569	20.438866	181	159	153
-16.987942	-6.015688	37.314602	14	11	9
-18.556870	8.930091	49.941811	119	118	115
-8.324151	-3.380872	32.037094	196	177	124
-10.331132	2.005270	24.566978	184	144	33
-3.132759	-1.666183	40.270248	194	185	166
-11.245706	-4.817804	45.568089	186	171	151
-12.146765	-5.719421	45.443672	149	139	125
-4.763817	-0.556437	16.002331	220	185	44
-16.708382	7.638142	45.271126	145	146	140
-3.988595	3.700859	24.940880	221	211	224
-3.110925	-2.922239	21.279734	119	120	125
-3.849972	-1.562915	9.288012	37	38	40
-13.242031	2.579641	31.492868	186	145	27
5.653434	3.111959	33.997498	66	55	53
-4.673951	-0.656551	16.532066	35	18	19
-2.572913	-8.662114	40.710876	147	148	153
-3.810035	-0.923853	9.206365	116	104	18
-7.433711	-1.225724	29.525015	194	169	166
-11.684687	-1.109421	24.915953	86	52	12
-3.895711	-4.057588	46.086582	82	78	70
-14.827169	-6.121890	32.873672	196	193	199
-5.742194	-2.435770	22.996454	215	199	168
-14.541622	7.051674	45.045483	170	165	162
11.269827	-1.100404	39.951595	222	233	235
-5.236616	-1.982588	18.692263	48	25	3
-1.589275	-4.727663	26.412251	131	130	136
-9.267383	-1.599196	19.926207	169	156	163
-7.760126	1.372739	17.715189	22	9	3
10.583688	-0.720976	49.286499	66	57	68
-12.355180	2.476375	29.785688	198	163	26
-5.253449	-1.269063	12.671087	116	103	27
7.514601	1.292667	31.454477	17	29	28
-2.088987	-4.234765	41.405746	90	88	84
-1.537961	-4.089280	43.009525	150	145	131
-5.233960	-0.807279	21.791265	13	14	8
-9.483272	0.935638	31.521612	200	162	28
5.805018	2.970234	34.133743	118	108	107
-1.748040	-1.557673	20.646450	176	174	152
-5.515532	-0.860700	19.434999	154	125	116
-10.591283	1.896958	25.844059	170	139	49
-16.005199	2.798028	36.410065	119	88	17
10.206656	1.838221	42.012123	17	29	28
