0.280812	-8.224446	36.052486	14	8	34
9.783589	-2.982595	35.177700	90	90	98
10.435392	2.585293	27.133160	194	184	185
-24.153376	-8.324106	46.112560	53	48	54
-11.477860	-0.748819	22.713602	40	37	42
11.890965	2.662313	27.414711	193	192	195
11.002905	1.853701	20.690903	174	169	168
14.676311	1.564389	29.042089	171	170	173
11.169134	1.481689	27.869055	207	200	199
-20.372898	-1.391717	40.292858	139	134	135
-0.999785	-1.549358	37.455090	96	72	37
-21.093548	-4.261492	38.607498	229	206	189
10.136418	1.079508	19.439777	183	185	180
11.781804	1.330360	26.185625	181	182	185
10.455162	5.250103	20.107014	128	121	120
-12.744576	-5.228860	31.458097	31	11	14
3.338964	-4.962187	44.134712	211	209	221
-5.682673	1.577908	14.922223	138	132	135
4.841464	-5.138273	47.360237	53	51	61
-12.083119	-0.430274	20.722847	50	48	53
6.519239	3.393843	31.545925	202	207	221
-16.797379	-2.995146	30.517302	225	204	189
11.207550	2.860375	26.474304	186	185	189
12.939996	1.202327	28.622904	193	194	197
-10.690346	-1.189953	21.592966	207	200	210
4.561578	-5.724073	47.456768	200	196	209
12.448979	1.703616	27.922258	190	191	194
3.111933	0.600937	32.451992	12	12	23
-19.482244	-5.476380	36.067039	34	26	26
11.069409	1.754279	27.759480	179	169	175
7.848567	-2.599239	39.164940	45	42	47
13.308969	0.940142	27.803873	206	207	210
11.969169	2.337045	27.469637	196	195	198
12.455338	3.047706	27.682798	201	200	203
11.757161	0.924026	28.741703	205	205	205
-19.693039	-6.437818	43.727909	52	45	59
3.617039	-5.381347	44.275764	188	186	198
4.653947	-4.854385	39.268982	21	6	20
2.043854	0.719883	34.651833	29	29	41
-19.796059	-5.353490	37.485729	143	141	149
-6.196333	1.821993	15.199864	203	202	204
-5.225296	1.647613	13.950731	195	194	196
13.078710	3.262671	27.206385	165	148	151
12.944055	0.800624	28.635019	206	205	208
3.192362	0.944717	44.850422	28	28	40
9.596850	-3.145599	35.019257	197	198	206
11.850556	-8.862020	43.240749	137	135	143
-3.929980	-0.527967	35.550877	208	204	213
1.349680	5.474713	32.810638	70	62	68
12.575326	-2.943036	33.784950	181	177	183
-21.185047	-5.221487	38.768002	48	29	9
8.800197	2.408474	34.716846	144	142	151
-6.051472	2.051769	13.435168	73	71	69
-12.410701	-4.401439	32.589771	163	158	175
11.675430	1.957353	26.486946	205	205	205
11.689363	2.246434	29.772516	179	174	171
14.013819	3.620676	29.154390	155	156	157
-3.106095	-0.467301	43.338242	55	45	7
15.106647	-2.979975	34.514553	170	170	180
-5.125019	1.860250	14.728807	70	70	70
12.969011	0.663015	31.250635	201	196	198
9.514962	-5.082039	38.769142	45	37	47
-0.218643	-0.096914	1.148686	17	6	12
9.925404	-3.218153	35.427361	103	106	113
-11.911693	-1.315224	24.062477	207	200	210
2.065132	0.546716	32.819206	219	219	231
4.553448	0.908720	46.839489	28	26	38
3.763263	-4.818064	39.711651	194	189	202
1.050715	4.328509	25.944355	55	48	51
-6.312627	2.135738	14.037006	61	59	57
-5.395627	2.016601	15.553093	67	67	67
-1.487871	-2.057736	48.946766	102	77	58
-17.849718	-4.411872	32.692005	72	58	46
-5.775407	1.692935	14.138488	222	222	222
-15.799298	-4.748269	35.093182	114	109	125
1.785605	0.690303	32.123734	10	10	21
-5.368574	1.683699	14.351431	222	221	220
12.482022	3.104643	27.821470	193	192	195
3.022131	0.939969	43.044895	111	111	123
2.875297	0.748873	34.818153	16	16	28
10.892910	2.746191	25.872015	196	195	199
-5.383470	1.442253	13.420901	93	87	86
6.050483	3.103282	29.192238	202	207	221
-5.289251	1.460486	13.877977	95	88	92
8.971772	-4.626695	42.679516	29	23	35
-11.794551	-2.679714	29.585791	45	30	35
11.594378	2.566899	26.895302	192	191	194
10.688292	2.627441	27.784840	154	143	145
11.957668	2.335024	27.567156	198	197	200
-17.376514	-6.183860	45.569824	122	117	135
4.105588	-4.391145	40.198589	42	40	50
-1.838482	-2.873674	48.679966	22	18	31
12.050243	2.017268	27.335854	201	200	203
11.002573	2.113882	28.072388	130	124	122
-24.642864	-1.606416	48.631447	156	151	155
12.309407	0.629168	29.731262	180	174	176
7.633760	2.070125	30.579369	151	148	153
11.095087	1.548661	25.168570	201	203	200
11.109123	1.755165	27.856264	176	165	172
13.760815	1.444216	26.383841	171	171	169
-23.773260	-6.858120	44.336807	49	39	40
12.695124	1.702674	31.610279	165	154	154
12.324551	1.389341	27.390995	187	188	191
12.976604	0.811178	28.779562	177	176	179
-22.964855	-7.846108	43.822258	73	67	72
13.136869	1.110387	32.124844	78	76	74
-8.696544	-3.749942	44.632763	169	167	189
-6.149342	1.670477	15.912398	148	141	142
11.787362	-8.893793	43.016407	86	85	93
-10.635042	-0.691392	21.046717	38	36	39
13.422318	-3.141407	36.060493	181	174	181
-13.757624	-2.461283	24.995649	198	178	148
-11.861828	-4.252811	31.074963	139	134	152
1.099376	4.525847	27.131504	55	48	51
-6.312627	2.135738	14.037006	61	59	57
-5.105680	2.157891	14.471490	45	45	53
-19.625128	-4.897709	35.886257	54	42	35
-4.946577	1.843967	14.240361	67	67	67
2.556269	0.629945	6.528313	121	115	120
-6.031883	1.764872	14.758454	222	222	222
-5.771352	1.793464	15.348924	177	175	177
12.856516	3.208214	28.662043	138	137	141
-15.978339	-3.614258	39.997425	33	24	34
-5.258456	1.401510	13.091038	133	127	127
6.493186	3.328958	31.387791	104	110	128
-5.502240	1.494607	14.237682	144	137	138
-5.475235	1.445466	13.791724	184	178	178
11.479451	2.775482	29.671396	192	184	183
0.289393	-5.152270	40.678997	17	14	29
11.500562	1.900705	26.139549	201	200	203
11.497388	1.598751	26.135138	201	203	200
10.769341	1.659690	27.016521	176	165	172
-9.364562	-2.315770	23.916178	166	165	172
-18.601717	-7.370432	49.017105	193	190	207
10.221049	-5.308950	48.633556	18	11	22
11.034552	2.438340	25.594145	191	190	193
12.336036	2.418755	28.444483	200	199	202
-19.452427	-6.556061	43.271755	115	102	117
13.203757	0.978160	27.785709	195	196	199
11.443881	0.956659	28.074608	138	136	136
12.135684	0.758586	27.035553	209	207	211
2.500015	-4.352451	43.889580	18	21	29
11.524214	0.585922	27.885895	201	196	198
11.831276	-4.436795	31.545460	145	142	150
12.198256	-9.156278	44.481571	86	85	93
1.501125	0.393824	20.858027	48	48	60
10.421547	-7.663342	37.496861	139	133	142
2.885314	0.807610	40.280109	64	64	76
2.053775	0.763063	38.067333	32	32	44
1.876022	0.499491	29.826015	219	219	231
3.125498	0.550061	32.797192	108	104	117
13.422368	-3.141418	36.060619	181	174	181
-16.619980	-2.865771	33.453552	202	179	171
-18.252651	-4.944723	34.679863	142	141	149
-0.824759	-1.323561	22.139952	25	21	34
-9.952651	-1.100871	20.104591	201	194	202
1.192852	4.749066	28.015404	26	19	26
12.259094	2.103692	30.837524	37	26	30
-6.243145	2.104820	13.867949	61	59	57
8.167381	2.280252	33.209118	124	122	134
-13.207182	-3.972109	29.580645	42	38	51
9.294535	-6.838114	33.444336	144	137	147
12.785206	1.719810	31.832495	94	80	78
4.634584	-5.945429	49.302887	197	195	206
12.438957	-4.633926	32.998329	71	67	77
-5.484075	1.483192	14.134549	144	137	138
-6.955850	2.629576	19.900822	63	63	64
-6.466541	1.804660	16.884232	173	166	168
11.065312	1.192600	27.548429	55	48	46
2.834110	-4.139128	33.887669	196	194	206
11.770512	0.538613	28.312042	182	177	179
-5.188748	1.384459	12.950689	93	87	86
-5.286372	1.608522	14.081458	177	175	177
-12.410208	-1.917024	25.010742	49	40	39
-1.154399	-2.398026	41.466724	68	63	79
-5.244623	2.205729	14.827200	42	42	50
11.489987	2.833586	25.668386	189	188	191
-14.826470	-3.732875	27.173233	56	45	40
11.759141	0.674716	26.270615	191	188	192
-13.175394	-2.293874	26.521269	191	166	155
10.253829	1.996214	26.236309	196	193	189
-24.314678	-6.930982	45.116867	59	48	49
1.745512	0.426016	28.040926	219	219	231
13.100033	0.897306	27.525806	161	162	165
13.011434	-4.451630	32.744934	66	64	67
11.550344	2.798659	29.827177	192	184	183
-23.562044	-8.052849	45.186386	35	31	37
-18.185291	-4.980225	36.146881	32	29	33
14.916167	-0.775099	31.812445	102	99	105
-17.858521	-6.239563	35.272888	35	32	38
6.809030	3.420005	32.738575	108	113	129
2.109747	0.540888	28.953499	113	111	123
-14.871834	-0.875779	29.625694	154	153	158
12.836861	0.651724	30.654568	213	208	210
-13.540284	-2.056879	27.210442	35	28	27
1.450524	5.532593	32.337933	26	19	26
-20.601210	-7.175356	46.095421	118	104	114
6.402677	1.903449	26.581682	201	200	210
9.730003	1.679283	24.480776	19	12	18
-13.844332	-5.317504	36.114803	163	159	178
10.868398	2.723379	25.686922	200	199	202
9.898411	1.383751	24.645006	205	201	204
-5.000040	2.115538	14.162510	74	74	82
10.944463	2.644989	28.136028	200	193	191
-16.388456	-5.968465	42.727467	126	121	139
11.987246	0.724495	26.744223	207	204	208
11.776846	1.279187	29.023752	26	24	22
-6.115266	1.761713	14.904706	223	223	223
-6.451534	2.152310	14.356181	70	68	68
0.326231	-5.411907	44.599613	17	14	29
12.085459	-8.789432	42.679420	187	180	190
2.662345	-4.968366	49.417675	21	22	30
11.696943	-4.333869	31.024294	55	51	62
11.132279	2.190582	28.315840	196	193	189
-4.844845	1.504752	12.975858	225	223	222
-5.876654	2.222303	16.815838	66	67	70
0.309711	-4.469250	42.746967	17	12	28
12.289701	-4.170624	30.921440	58	55	59
-13.915221	-3.831338	27.714390	37	27	28
-14.902436	-3.686280	33.473911	64	53	58
5.587865	-6.482751	49.958771	70	66	77
19.993406	-2.733606	42.577023	187	189	203
8.586920	-4.354592	35.702698	151	149	159
1.082598	4.217767	24.943970	22	18	27
-5.502578	2.077733	15.588352	68	69	74
-4.949249	1.550967	13.212017	157	156	157
-5.963342	1.735925	14.574614	221	219	218
11.753227	0.586011	28.299072	208	203	205
-9.293173	-0.443084	18.556055	154	154	162
10.789750	-7.933997	38.877533	139	133	142
11.537559	2.825787	27.453480	200	199	202
-10.884660	-3.207831	24.453047	30	25	41
11.046535	1.536320	27.601749	165	154	154
11.726224	2.040226	29.512165	24	15	17
3.108463	-4.440170	36.799858	196	194	206
-11.313342	-3.969067	25.403425	121	107	116
5.963218	1.784213	25.119255	145	147	163
-1.060920	-3.060692	47.078224	27	23	36
10.134157	2.027232	26.010721	196	193	189
8.396746	-4.288960	35.411648	134	139	147
9.918922	2.395728	25.790970	192	184	183
-10.770617	-2.690759	24.202637	69	67	78
9.953809	-5.166219	37.906651	48	48	57
14.200733	1.556046	35.003487	58	48	45
3.975138	-3.818780	37.942341	186	179	189
-0.575455	1.220434	47.577179	46	38	46
2.843831	-2.715257	27.136295	196	188	195
-6.563904	1.976859	14.776349	140	137	142
0.040951	0.499591	33.111622	198	192	197
-7.032456	2.020513	16.935249	219	217	215
-6.457576	1.837670	16.256252	50	46	46
10.736455	2.651004	25.810499	201	200	203
9.686754	2.391992	24.741600	199	201	196
2.031951	-4.303532	40.786411	14	19	27
9.120516	-4.506004	38.137852	157	161	169
5.128605	-5.766224	48.937874	23	18	31
4.018225	-5.470946	46.462223	184	181	192
8.097500	2.415372	33.873707	74	77	97
-12.095588	-4.207757	27.176353	118	104	114
13.403358	-4.822696	35.306221	51	47	58
0.518543	-5.268843	38.873016	169	166	181
11.285706	0.599419	27.110579	207	203	205
-0.350793	0.877240	32.329460	13	7	14
3.505206	-3.819342	43.641018	199	185	191
9.398501	-4.067099	38.323685	219	219	224
3.431903	-3.857916	33.129642	25	20	33
-3.291472	-1.370879	37.786827	187	185	207
2.208210	-2.816628	29.750645	216	205	220
10.281785	-3.733969	26.908604	60	56	65
2.925459	-4.536124	32.857632	8	8	16
2.544011	-3.626689	31.171247	184	180	191
-5.953576	1.648484	15.044646	39	33	33
11.380823	-5.486008	46.872784	179	177	186
-1.736606	1.775217	48.960056	91	70	29
-2.833862	-2.525670	43.521095	28	28	40
