15.083074	-3.352772	36.865459	30	30	42
10.934366	-2.211860	25.083672	29	29	39
12.232403	-1.963340	23.270845	17	17	25
9.171557	-1.817557	21.865150	34	33	48
2.506391	-1.180792	13.647861	116	119	130
3.350638	-0.611810	7.182906	10	10	24
9.351873	-1.647108	20.871593	29	28	43
7.541998	-0.117920	24.903160	161	160	163
9.364007	-0.151153	34.743881	54	53	57
-3.695459	1.302523	30.180462	154	157	166
-8.796741	2.045192	44.273651	43	43	57
10.823980	-1.571991	20.590364	12	12	22
1.042077	1.569276	19.931944	178	175	181
16.268953	-2.497068	33.705318	6	7	10
9.036889	-0.668755	39.876457	65	48	52
4.710580	-3.522952	18.445311	126	124	130
8.854669	-0.595185	31.875841	43	41	49
1.041127	-5.241128	24.379639	181	179	196
7.280367	-0.997002	42.726677	61	58	64
7.235445	-0.795185	31.504795	15	3	11
2.687395	-0.844400	11.773991	199	192	190
11.228304	-1.481556	23.062468	143	142	158
8.391407	-0.942357	30.425249	109	108	119
8.459593	-1.644602	44.058689	148	147	152
-0.607082	3.858971	21.841995	52	48	57
3.452106	-1.189017	17.484203	103	101	109
1.777942	-0.612522	9.006672	56	54	61
-18.326513	10.619767	46.706390	52	49	60
12.224865	-2.147679	23.717735	45	45	55
10.696299	-1.925483	21.697857	30	30	43
15.045153	-1.718915	28.849382	138	136	155
10.792069	-2.355857	24.767918	21	21	27
1.795339	4.042161	26.140915	34	30	39
0.932662	1.505236	20.146252	63	57	62
-2.065637	3.158158	32.148426	54	35	42
1.266834	-6.168597	35.378445	96	96	106
13.992842	-2.784650	27.371401	27	28	31
8.917146	0.251854	35.478893	39	37	59
3.490612	-0.533395	7.573706	141	141	154
2.526829	-0.981753	13.666213	130	129	132
2.599100	-0.983758	13.702074	201	200	203
3.337042	-0.574223	7.399145	48	49	52
2.826803	-0.994381	14.360023	212	211	215
7.650428	-5.709195	29.766739	126	124	130
3.121036	-0.579736	6.733815	33	33	49
1.384141	-6.981720	32.411034	181	179	196
2.045022	3.851560	25.042439	45	38	48
8.826558	-1.714490	21.074228	70	70	82
11.746620	-2.011495	26.050352	29	28	43
7.324222	-1.215954	37.515530	44	43	48
13.192339	-1.920776	25.037546	29	29	39
-0.698489	4.299965	24.159306	52	48	57
4.443562	-0.493021	16.358370	139	137	149
11.906749	-2.696734	29.272665	41	41	53
6.379260	-0.706597	27.959839	38	20	25
10.969104	-1.526409	21.527630	21	20	35
10.585440	-0.873391	46.308907	32	20	22
8.622757	-0.164521	32.100883	52	51	55
-9.253227	2.123639	46.294544	139	138	154
1.040165	1.476756	19.099129	138	135	141
0.877674	1.467528	19.583841	55	49	56
-8.468446	6.036924	30.451937	98	94	103
13.166842	-2.668970	27.284296	16	16	26
3.621480	-0.522738	7.693840	165	165	177
16.801933	-3.022049	32.639675	18	18	28
11.018568	-1.770612	21.008749	17	17	25
1.233314	-5.996017	34.159695	85	85	95
6.965127	-1.306867	30.992701	78	67	68
11.783702	-1.685709	25.042341	155	155	163
7.609889	-1.403270	18.587124	164	164	176
-18.326513	10.619767	46.706390	52	49	60
11.290228	-1.759872	22.089315	167	167	179
12.296828	-2.388313	29.307018	125	125	137
1.752669	-0.814458	9.413693	148	146	161
11.178934	-1.662220	21.272791	26	26	35
-7.410820	1.733221	37.226776	30	33	44
1.070167	-5.123851	23.759464	131	124	142
12.366651	-0.170079	41.386818	190	189	192
11.047751	-1.709345	23.106030	52	53	56
4.107090	-1.589294	22.115849	172	171	176
2.475546	-0.825687	12.547718	60	58	67
5.895887	-1.292279	30.605888	133	132	137
6.785563	-0.754381	24.970682	154	152	164
1.880964	4.274182	27.602839	96	89	99
11.165011	-1.917058	24.883389	59	59	72
1.138234	-5.459965	31.116297	85	85	95
3.401689	-0.637948	7.311481	70	69	84
12.579582	-2.333219	27.048983	41	41	50
13.644258	-2.176381	25.966236	40	40	50
14.428971	-1.951609	28.250542	43	43	55
11.704257	-1.498643	23.592100	170	169	183
12.944966	-2.400112	31.739735	183	183	195
5.881336	-0.160027	22.038860	52	51	55
-8.028039	1.397475	41.846741	164	165	182
2.565395	5.450385	34.792023	69	62	72
14.958077	-2.373781	29.250727	153	153	165
11.292911	-1.944847	22.871540	30	29	43
11.355412	-2.169549	27.084742	121	121	133
10.818905	-1.640698	20.597197	26	26	35
12.484303	-2.148021	28.779385	162	160	180
11.185225	-1.910991	24.994101	93	93	105
15.412225	-2.329557	32.160667	99	100	106
3.369097	-1.339390	18.191904	133	132	137
-6.708476	1.567393	33.654152	24	28	38
3.852263	-0.832332	26.366558	83	69	71
14.398813	-1.938194	28.176178	41	40	53
2.156184	-0.703606	9.604749	188	181	179
11.007465	-2.473886	26.253275	129	129	141
4.846837	-0.522905	21.252384	36	20	22
11.105056	-1.478109	22.505953	170	169	185
2.045841	-0.694760	10.460300	41	39	47
6.257244	-0.455231	22.537828	59	57	67
6.386028	-0.234295	24.232759	50	49	54
-15.744238	8.433101	48.678703	83	83	95
7.644307	-5.859268	29.747999	121	120	125
5.006716	-0.905118	26.115488	45	44	49
6.872393	-0.138678	23.280588	204	203	206
11.130400	-2.590408	27.472546	67	67	79
11.033478	-1.302751	21.007269	160	159	176
5.262745	0.174911	34.751625	27	30	37
7.870553	-1.737681	18.800741	166	166	178
8.047482	-1.705884	18.475204	29	29	37
1.125951	2.505715	15.530251	158	154	159
8.227709	-1.616116	18.353111	165	165	178
-9.165364	6.297495	32.260956	20	20	32
-19.297228	7.259991	47.245155	76	55	64
1.830726	3.890132	24.833241	27	24	30
12.443489	-2.209194	29.434217	10	9	23
11.766133	-1.738535	24.621878	46	47	50
11.687233	-1.565983	23.618931	170	169	185
12.393245	-1.548690	24.194597	14	13	27
4.196981	-0.845435	18.426931	50	40	48
3.290525	-0.594683	17.160013	54	53	58
-7.911420	2.013023	39.372944	24	29	39
9.379812	-6.963942	35.837975	169	168	173
11.250069	-1.217982	41.552410	161	158	172
-7.159890	1.285437	37.237354	171	172	191
11.463509	-0.146052	38.722610	204	203	206
5.096632	0.010914	20.979605	47	44	60
12.212354	-2.103572	28.043571	167	166	182
-6.878882	4.713801	39.311871	177	180	192
-14.725780	6.089731	42.833878	186	185	200
3.698977	-0.406229	16.208939	12	3	7
5.353278	-4.086594	20.738201	146	145	150
3.667772	-0.670466	19.221722	45	44	49
7.883341	-2.368700	41.387131	37	36	41
4.209822	-0.300561	15.131619	17	15	24
-1.035668	5.371638	31.810158	80	78	86
9.300462	-1.872818	23.253847	165	166	178
1.812214	-0.884944	9.224346	57	56	66
13.287930	-1.820156	26.835024	177	176	195
3.791719	-0.713034	8.075120	30	29	44
2.912594	5.705141	31.930956	95	89	97
14.857310	-1.826302	29.018452	31	31	43
-2.723117	1.003553	23.913189	171	174	183
-3.595380	5.759957	34.303680	21	19	28
9.488200	-1.698280	19.922661	161	161	169
-7.391849	1.288970	37.956200	172	174	191
2.591082	-0.778035	13.595807	35	34	39
8.353299	-1.714573	20.990757	151	154	165
-6.853087	5.807290	41.714672	186	189	206
1.768779	-1.222266	8.229011	155	145	137
2.369333	-0.810706	10.751611	190	185	184
3.571462	0.093032	24.208984	61	60	65
-9.735829	1.245370	44.436398	37	35	45
-4.582041	1.378658	27.251339	27	27	39
-10.455406	2.132020	46.390011	186	184	196
2.104174	-0.646009	11.034885	32	31	36
2.758744	-0.002184	17.921400	44	44	52
1.745383	-0.783133	10.738266	7	10	17
-6.508596	2.735940	37.197327	156	155	170
-5.573988	3.297577	34.699585	78	73	84
10.953164	-2.173058	27.113354	175	175	187
-13.428135	-4.022291	49.665462	9	9	17
