21.266953	2.211947	41.327354	11	11	21
13.351769	1.523623	41.387711	23	21	32
10.063345	-12.746761	43.085011	44	42	73
19.099737	-5.149649	38.588551	44	44	56
-9.148440	-3.512551	48.805553	82	82	87
-10.027125	-3.477003	48.271748	78	75	81
-9.284606	-3.589143	48.483170	63	62	67
19.570049	-5.189215	38.897701	84	84	96
15.873673	-5.179324	38.806332	43	43	55
18.762100	-5.799750	42.634411	185	184	196
17.521973	-5.636637	39.860546	180	176	188
21.054764	-5.674180	39.052822	168	166	173
11.952358	-11.302180	40.413776	180	179	185
13.786962	-7.026700	42.468513	166	165	169
14.614958	-9.754479	49.702885	41	42	47
11.269986	-9.353713	41.156414	46	41	43
16.035975	-4.486676	34.509499	32	32	44
-0.711079	-0.699528	3.280183	49	46	50
-8.815197	-4.915701	43.499435	171	168	172
16.826735	5.197039	36.780560	96	89	91
13.303621	-10.619105	45.782856	94	89	91
13.712985	-2.970225	44.994705	32	27	29
17.067551	4.979198	36.818275	118	111	114
17.488390	-2.564567	43.587669	21	22	26
17.931124	-2.335610	44.919033	153	150	151
19.926716	-5.219039	39.130745	191	191	203
17.092434	-5.443223	39.616444	52	50	62
15.494586	-5.289958	38.456604	181	181	193
12.903574	-5.389224	39.193989	36	36	48
20.116411	-5.696423	40.609550	52	52	64
11.356610	-11.815111	42.392006	8	6	18
19.038132	-6.532503	46.071018	171	169	181
12.736838	-12.221947	43.869366	66	64	73
16.490833	-5.901226	40.886082	45	44	56
10.948837	2.007889	43.453548	44	40	34
17.204765	-5.627375	37.057777	31	33	41
19.596954	-7.464982	46.070362	27	27	35
14.176856	-8.346251	46.078709	31	35	37
19.080614	-6.480368	47.431427	130	131	143
11.784502	-12.157076	42.693897	152	149	164
23.329903	-3.130514	44.734768	17	11	11
14.535396	-7.619651	45.858543	22	26	30
9.566398	-5.134399	31.123297	20	17	23
12.112281	-10.505182	44.495956	26	22	26
17.907175	-2.671194	38.868813	19	15	20
18.396452	-4.721794	38.266590	149	149	161
16.931704	-2.279935	36.786270	159	151	157
18.909016	5.892365	41.704479	97	90	92
17.234568	-2.506359	36.260719	21	15	17
17.490467	5.315072	38.882420	107	100	103
10.841835	3.764050	35.038387	88	81	84
16.512600	-5.388011	39.198601	153	153	165
13.960895	0.985136	41.578117	156	153	170
11.203600	-11.490725	42.460346	10	7	15
10.968698	2.925097	43.356770	40	33	33
12.685807	3.394738	41.887699	152	150	151
14.147108	3.557518	45.634628	22	19	24
15.093233	0.814404	45.023987	19	24	54
12.703552	4.167808	40.279247	86	77	81
13.546028	4.694949	43.755615	105	102	103
16.396589	-5.320794	35.408245	25	25	33
9.599298	-12.194400	41.312981	79	75	98
16.097692	-5.490156	39.965965	154	154	166
20.281006	2.139007	39.455437	10	9	19
14.313890	1.624618	44.343731	62	55	68
20.021708	-5.419515	40.880238	21	21	33
10.574569	1.950595	42.363770	43	39	31
15.288036	-2.421050	39.564945	26	26	28
17.470255	-2.378127	43.787121	91	91	94
18.056385	-5.146839	36.663517	30	29	41
13.246819	-12.747600	45.877228	63	60	69
12.198323	-12.263206	44.907364	96	96	108
11.709447	-12.208785	44.307423	73	69	80
19.075914	-6.588625	46.072208	112	110	122
16.852495	-6.038829	41.746204	95	95	107
-9.240253	-1.369590	39.295090	42	39	45
20.644835	-5.553686	38.304466	168	166	173
-7.468907	-1.713275	48.873539	47	44	50
14.340587	-7.081416	49.450626	96	87	91
13.917430	-5.870095	42.369061	38	38	44
-7.195003	-2.393722	48.364567	62	59	65
16.405844	-5.274034	38.281349	82	82	94
12.377322	-10.006684	42.913528	63	58	60
11.548664	-9.634834	42.184681	75	70	73
15.231085	-5.018474	37.310909	65	65	77
-10.107788	-2.813593	47.406590	206	203	209
18.394382	-4.920465	36.979206	43	43	55
14.122498	-7.447382	46.536880	196	188	186
13.296620	-6.799151	41.111649	162	162	167
15.476208	-8.978307	46.865044	184	184	191
13.068233	-8.755448	44.525768	41	42	47
-9.659461	-3.320066	46.363609	148	145	151
16.596512	5.125948	36.652809	97	90	92
16.896448	5.106563	36.819679	125	118	121
-8.861718	-3.356597	46.916405	82	83	88
19.356972	-2.886691	42.017033	36	34	35
17.893972	-2.629400	37.607327	48	45	46
11.910478	-9.986037	42.375477	18	15	21
12.293744	-2.697230	40.129990	45	40	42
11.620244	-6.656584	40.100407	103	92	94
10.164049	-12.387716	41.975113	138	138	151
17.052153	-4.890130	36.055134	18	18	30
16.956760	4.918973	36.758175	128	121	124
22.396875	-2.784100	43.318527	145	136	136
17.336853	-2.315923	37.699184	157	152	155
12.869641	-12.821055	45.343712	147	147	157
12.424411	-11.742104	42.035202	164	163	172
25.263308	-3.337504	48.669331	14	7	7
20.284021	-2.719174	39.021526	17	11	11
17.564318	-4.513212	36.564976	149	149	161
18.014168	-2.415710	37.981304	141	136	141
18.422260	5.609156	40.972897	30	22	27
12.053352	4.433336	41.104160	76	71	73
12.291959	3.288443	40.584526	152	150	151
17.385750	5.566719	38.003704	28	21	20
12.704539	-12.287240	44.397396	61	59	67
20.485065	-5.843040	41.589306	47	46	58
13.023243	-13.597402	48.921825	54	51	63
12.376375	-12.436893	45.590790	96	96	108
15.432831	-5.309271	37.316830	157	157	169
21.165144	2.277475	41.224854	10	9	19
13.458875	-11.614238	49.030823	23	17	22
16.461298	-5.256434	36.618237	39	37	47
-8.554903	-1.317517	36.268173	97	94	100
-7.197106	-1.708323	47.134323	54	51	57
-7.085824	-1.995850	47.469273	70	67	73
10.400457	-8.853946	37.421574	16	12	19
16.239567	-5.854471	40.087959	75	73	85
12.377218	-6.183586	42.834431	96	87	91
16.860682	-4.592418	31.630547	162	160	169
-9.717233	-2.699185	45.109791	206	203	209
14.890171	-7.896811	49.413994	210	196	195
18.176922	-5.819226	41.555435	192	189	201
13.756360	-7.029807	42.288883	162	162	167
11.797688	-6.767805	40.667809	103	92	94
16.556637	-5.449882	40.569347	107	107	119
19.101160	-5.175762	38.468288	65	65	77
15.794143	4.751557	34.694702	122	115	118
-8.366942	-3.225515	43.229042	55	54	59
12.014992	4.409045	40.977100	80	75	77
16.477468	-4.762354	34.879585	28	27	39
10.255648	1.942639	41.829205	44	40	32
17.603514	-2.375606	44.168350	123	122	127
15.893802	-5.183547	34.289814	31	33	41
16.557966	-2.341748	43.464767	146	141	146
12.200419	-10.204170	44.910530	132	127	128
12.683832	-5.379579	38.706871	38	38	46
14.903085	-2.403136	38.898048	23	23	31
17.679222	-2.754559	44.038910	25	26	30
13.001769	-2.683937	40.718250	97	92	94
14.627508	-9.515203	48.100773	55	57	60
17.877287	5.249382	38.105965	30	22	26
18.435390	-5.640075	37.805172	141	139	149
12.676564	1.354683	39.357651	53	23	35
12.448872	-12.551586	43.960281	147	147	157
-22.723131	-4.851089	44.490597	157	151	156
13.841020	-9.368261	47.343636	84	82	90
12.067536	-12.426538	43.517475	152	149	164
13.942436	-9.017354	47.684071	186	183	189
17.946011	4.665835	40.609123	94	90	98
-0.768264	-2.821524	45.031876	208	205	211
14.982988	4.333228	32.946815	139	131	136
10.792210	-9.259800	39.863033	90	85	89
19.452797	-6.154051	43.372440	60	58	68
17.636375	-5.065790	35.242882	195	195	205
14.797761	-5.112822	35.735851	138	138	150
17.687880	-5.778804	43.188236	107	107	119
16.222799	-4.491937	33.011646	87	87	99
20.702765	2.211300	40.541851	70	68	78
18.701685	-6.032847	42.763920	156	152	164
-6.837207	-1.688391	44.423916	54	51	57
-6.518500	-2.259258	43.336838	64	61	67
14.528443	-8.585845	44.387970	177	178	182
12.809887	-6.408090	44.349842	123	112	117
-7.637284	-2.636911	41.982201	209	206	212
18.544899	-6.070018	39.974407	70	72	82
14.868649	-7.508687	45.407425	163	162	165
13.841590	-4.509930	29.728462	21	21	28
13.846513	-8.997426	45.573166	55	57	60
17.204340	-5.141911	37.199970	75	73	84
16.926090	-6.132593	41.373432	126	124	135
20.722992	6.738101	46.009407	34	27	27
18.071789	-4.867766	35.608665	192	192	204
16.768925	5.368470	36.655220	28	21	20
16.619638	-5.686036	36.501110	122	122	122
17.172079	-2.784736	44.781250	23	23	31
17.187828	4.994568	36.728390	30	22	26
15.599846	-2.443690	38.829544	19	19	26
12.444890	-8.099445	42.605186	187	185	190
11.641912	-6.083630	36.907955	15	14	19
11.823165	4.329542	40.492603	80	75	77
22.232533	-6.657143	45.035149	149	147	158
11.565459	-2.411786	36.046047	20	14	19
14.336462	-9.730457	48.915432	83	82	90
17.828829	5.744663	40.451649	58	51	51
12.610196	4.073118	40.741917	117	118	118
16.548264	4.320570	37.304771	147	143	150
19.223219	-2.708780	46.299927	22	22	30
12.840209	-10.893325	46.162861	16	13	19
-6.459911	-1.557630	41.767651	47	44	50
-6.150370	-2.043786	40.873867	68	65	71
14.469532	-9.291039	49.004894	187	185	190
13.681135	-2.156861	34.022797	19	19	27
-0.715990	-2.443984	38.920860	215	212	218
18.914911	-7.365245	44.726078	23	24	34
15.912138	-6.510186	42.746746	81	80	84
18.040682	-5.700906	38.379105	21	21	28
19.479464	-5.835449	39.318584	152	150	160
16.312309	4.705757	35.677311	140	132	137
16.823648	5.223417	36.123295	44	37	39
-6.841445	-1.387668	41.956524	26	23	29
15.675986	5.079603	34.340843	46	39	37
17.366619	-5.777047	42.359447	107	107	119
17.962309	-5.241088	38.552116	139	139	151
19.388968	-5.360377	39.466358	48	48	60
9.455044	-3.026539	21.616579	29	29	41
13.336262	-6.675529	40.422962	162	158	164
15.135055	-1.985015	39.801426	154	149	149
17.690741	4.627652	39.896099	109	105	114
12.326409	3.972033	39.798340	120	118	119
14.101974	-10.668324	47.782715	173	167	172
16.932432	4.907449	36.034698	41	33	38
12.983786	-8.826665	43.566799	61	65	67
15.515219	-8.238058	46.499741	32	31	43
13.228303	-7.090336	45.118423	209	188	185
17.882225	-7.450292	49.096066	52	51	56
12.906176	-4.541507	28.957996	169	164	167
13.123969	-6.466311	45.536861	149	143	144
15.970374	-6.782659	47.838795	26	26	34
-5.915492	-1.901406	38.022984	75	72	78
10.573534	3.742642	36.201138	80	75	77
9.913020	3.697497	35.799026	151	146	143
18.188040	5.911671	40.617695	36	29	27
-12.825553	-1.847956	36.723553	207	206	211
20.994154	6.132632	44.757793	85	78	81
15.873095	4.171073	35.242466	112	108	113
15.962545	4.552521	35.436485	118	110	116
9.761626	1.907223	41.123100	47	43	33
-7.243693	-2.541229	36.061920	28	30	37
8.291039	-3.500362	25.162529	159	158	173
11.347649	4.723440	43.999638	28	28	43
-8.186151	-1.378934	35.424515	64	61	67
-7.398324	-2.140348	33.782200	204	201	205
-6.714662	-2.321028	33.421444	27	28	37
14.049686	-6.079261	42.427078	31	31	39
18.988277	-7.623986	45.620087	25	28	37
-11.689178	-1.724119	33.530396	207	206	211
11.804458	4.294512	40.055939	33	28	30
-0.753162	-2.064707	32.508621	211	208	212
11.727036	-5.831209	40.634964	96	87	91
12.952879	4.358363	40.608479	21	11	15
11.519494	-2.445129	35.549953	18	15	20
15.384252	-6.458972	43.281670	50	50	60
12.443927	5.265591	48.540810	28	29	48
17.999737	-2.208941	48.090569	155	149	142
13.813957	-6.738481	41.729176	142	138	141
14.551693	-4.693098	43.913342	25	27	40
18.618561	4.688942	43.470425	25	25	31
-5.181727	-1.640132	32.148952	72	69	75
13.031239	-5.824866	37.653465	29	27	37
15.436195	-5.827251	39.588749	169	171	182
-5.961792	-3.090197	28.150461	106	103	109
7.825268	3.631862	41.008137	6	8	11
