1.430556	8.714038	37.461697	167	167	180
12.041006	1.973636	23.472546	152	153	158
0.697241	8.577131	35.024376	145	149	152
11.525803	1.933767	24.016901	86	84	94
2.074689	3.313537	35.449879	169	169	181
11.470695	1.806540	24.313999	75	73	83
-10.289841	3.724772	48.319527	72	60	73
12.686894	1.789730	25.793009	42	41	51
8.565300	1.250756	19.376789	34	31	37
7.042083	4.926301	23.961523	31	22	37
8.369455	1.238269	22.821009	55	53	54
7.476001	0.997795	16.998133	29	24	31
7.553986	0.665608	18.286207	43	42	48
7.051164	0.277144	17.024736	69	69	77
8.254824	0.234016	18.446695	147	147	149
6.193106	0.125553	15.458050	155	155	165
1.478982	3.115632	31.205263	40	39	54
8.254905	0.826878	18.761959	59	49	56
2.748790	9.766697	40.218819	114	112	122
-2.600832	7.014791	28.669098	87	88	104
-3.648044	5.924081	33.447620	212	203	198
6.950585	-1.421410	14.843737	97	97	107
7.419190	-3.173284	25.923447	155	156	171
4.496689	-2.014983	16.413267	172	174	191
6.066190	5.176460	20.294971	44	42	50
-5.956487	8.776674	48.386639	225	207	195
5.378528	3.792152	18.382685	46	40	47
-1.902965	7.053941	29.806362	160	159	176
4.819487	-1.594737	18.406031	106	103	124
7.743573	-1.451787	19.901207	128	125	149
6.517528	-1.294540	13.797967	141	137	148
5.140757	6.320407	27.185713	33	30	40
1.998752	7.521613	29.711061	123	121	131
2.636606	9.959346	41.013538	143	142	156
8.309845	6.480124	26.494247	34	31	39
7.385044	6.291759	25.926979	60	56	64
1.198134	6.250788	33.328884	152	151	168
4.219268	3.167201	33.132492	147	146	159
8.434757	1.491318	22.917446	202	202	212
7.935525	-1.901765	23.657469	113	111	123
13.751110	1.490296	33.648129	85	85	93
-3.185615	6.537947	31.726061	98	95	112
3.426788	3.044122	27.203503	177	177	189
2.359065	5.225674	32.452370	125	122	138
2.213237	7.880534	33.291500	49	48	63
-1.550313	6.695476	27.302851	175	172	190
8.186707	1.455141	22.266844	202	202	212
-1.691962	7.328366	29.876268	168	165	183
-2.869114	7.581613	30.998877	86	88	104
6.212015	5.325406	20.844131	32	29	38
-0.011856	4.922940	20.709335	151	152	164
3.836894	7.018674	28.353701	53	53	71
0.700816	9.121480	37.229050	144	148	154
2.177306	8.221421	32.478168	139	138	148
-2.413335	8.308403	35.034710	171	173	189
-4.915503	10.486906	44.132511	152	154	168
7.470873	5.835612	23.915588	56	52	61
6.063749	7.310550	31.414293	46	42	53
-0.287521	6.755266	30.357460	148	148	160
5.320557	-2.389526	19.417500	132	130	148
11.482821	-4.921208	40.117081	127	128	146
10.024962	-2.463299	20.985451	45	43	55
7.994154	-1.605561	16.918600	99	101	110
-3.503063	7.233397	35.203106	80	77	94
5.934805	-1.965848	22.662226	81	80	98
-1.555557	5.852963	29.529108	58	55	70
5.898590	4.161642	20.167980	56	47	58
7.645056	-1.833201	22.790581	113	111	123
6.979520	4.749526	23.132122	48	36	48
8.049984	5.675484	27.512632	82	70	83
8.282609	-1.558633	21.282379	141	137	160
-5.479333	8.133096	44.708397	215	198	180
8.312151	-0.052473	20.577312	104	103	118
-3.727602	7.912220	45.782501	171	165	187
6.914585	0.138773	17.257048	119	117	127
8.852990	0.249479	19.871592	143	141	140
7.711579	0.310621	18.628546	43	43	53
8.638278	0.765760	20.917271	26	23	29
13.751019	1.490286	33.647907	85	85	93
-10.551497	6.137369	42.963406	174	166	185
9.115945	1.330858	24.822962	51	46	45
3.190413	2.864906	25.498596	154	154	166
1.743345	3.765789	37.539318	91	90	105
7.706394	1.020039	17.565639	66	53	61
1.800336	3.026406	32.645161	185	184	199
1.950621	2.817966	31.221813	83	83	95
-5.948745	1.694751	34.644817	87	78	91
12.961201	1.830816	26.353224	69	69	79
11.604531	1.902767	22.681448	172	173	179
11.689528	1.927756	24.486729	51	49	60
15.151091	2.485017	31.826643	75	73	83
-6.410275	2.003870	37.169853	199	190	203
-3.241579	5.737706	28.973705	187	183	193
3.549219	3.326095	14.890597	49	47	53
-4.682191	1.443262	27.079792	199	192	205
-11.159678	6.503402	45.315544	193	184	206
-3.620069	5.789322	32.468803	223	211	202
-0.295728	5.904634	26.506487	164	164	176
1.811545	4.123020	25.622051	160	158	178
0.626035	10.057697	40.825127	164	168	176
-3.614707	7.762002	44.803043	171	165	187
-0.259029	6.459819	31.058416	179	167	179
2.234811	5.063695	49.609333	131	130	145
5.830989	5.402236	24.263285	79	76	82
0.883952	3.077758	35.148411	52	52	64
-2.484748	8.479135	35.682213	181	183	199
-1.750468	7.442070	30.388979	144	140	160
1.197487	9.213696	48.359581	157	151	163
7.342543	6.266577	26.080374	30	28	36
3.745771	6.899135	31.787119	53	52	47
10.702108	1.726308	22.542959	51	49	60
5.635417	3.827299	18.984650	43	34	47
15.679622	2.257874	31.847120	99	99	109
6.746992	-2.934246	23.784351	118	119	137
7.562329	1.055053	17.199205	50	38	46
11.452466	1.579745	24.855831	61	61	72
8.854465	0.869894	20.125311	80	72	71
6.603310	5.652065	22.135075	37	37	43
6.045785	4.235206	20.645452	33	24	37
8.269600	0.329507	19.995314	40	40	52
5.881052	7.090296	30.588566	32	29	40
13.714507	0.422382	33.562382	86	84	94
-1.734346	6.454836	32.598969	94	91	106
6.414276	-0.057147	15.975222	104	103	118
-3.262435	5.685975	28.561241	221	217	228
7.996365	-1.916126	23.839041	89	87	99
-2.188010	7.831492	39.503841	109	106	121
12.155396	1.703231	24.657646	42	41	51
-0.335792	6.315526	28.258343	164	164	176
12.388849	1.982520	26.065725	57	55	65
-3.762696	5.969950	33.717728	204	190	179
1.486070	2.153077	24.194920	144	144	156
10.242261	1.363563	22.354578	138	138	152
8.489172	1.155911	19.270681	66	53	61
5.508421	3.743982	18.564749	43	34	47
6.956740	4.871480	23.751083	59	46	60
8.682899	1.207059	23.731073	73	68	66
1.043723	7.424919	39.492767	116	107	120
12.066289	1.459512	25.011011	144	143	158
0.826546	-1.128814	7.637140	213	198	188
1.310025	2.881346	28.829411	30	29	44
-6.433288	8.482619	47.655785	60	34	43
-10.602219	6.054264	42.609013	195	186	208
-3.614688	7.761965	44.802830	171	165	187
2.558663	-9.426191	43.124962	232	233	236
12.694247	1.591222	31.351370	34	34	42
10.551737	1.718466	20.794899	154	154	162
7.761044	0.709237	17.628534	66	59	61
7.827809	0.330517	18.961481	40	40	52
-0.645053	5.867351	27.166601	23	21	33
1.889173	4.056551	22.857697	171	171	187
9.526296	-1.804758	24.581745	141	137	159
7.550346	-1.039439	17.335974	131	127	126
1.267960	10.864162	46.396328	47	47	59
-9.599235	3.281182	47.517788	228	213	212
0.739583	2.374320	27.767860	52	52	64
7.087957	5.739232	25.042843	57	58	63
6.744228	-2.197648	25.244186	117	115	135
11.471411	-1.558962	26.351826	121	119	121
7.407893	6.317394	26.608368	29	27	35
-3.285482	5.055186	28.284624	223	211	194
8.666754	1.197948	23.048576	9	8	16
3.280668	2.448697	26.023819	127	127	139
8.621014	1.217325	23.453201	50	45	44
6.922822	0.938932	15.690989	18	17	26
10.342629	1.444718	22.623816	48	48	60
0.772125	-1.040675	7.114896	208	189	173
-5.519020	7.344393	41.225037	78	51	63
2.282673	-7.411918	32.502106	34	34	47
3.354473	7.420193	40.517166	163	162	177
9.952658	0.951268	22.390779	66	59	61
-2.790929	6.278541	35.938580	191	187	211
1.953192	4.348505	42.312412	30	29	44
8.923487	-1.889375	18.734154	116	120	133
12.619092	1.766556	25.509720	35	35	45
10.567346	1.704285	20.984310	139	139	148
1.924688	3.026555	33.761974	157	156	173
8.388942	0.372657	20.259851	36	36	48
8.521207	0.196423	19.206640	153	151	149
1.077617	3.326122	38.957493	34	34	46
2.937151	6.930981	41.708664	160	159	176
9.461058	1.481014	19.997965	74	72	82
-1.716515	6.331639	31.829775	58	55	70
9.169165	2.037790	24.950527	68	62	70
6.780817	-1.317646	17.635593	150	146	170
9.059391	-2.964220	33.891136	103	101	121
8.424205	1.543800	17.684668	210	207	221
8.653086	1.193888	19.511816	29	24	31
0.148740	-0.208512	1.420004	171	155	152
7.443325	1.326336	20.104961	210	212	221
8.304083	-1.773629	17.429863	132	135	150
12.067471	1.706521	24.412621	24	23	33
1.936348	3.012137	32.561668	144	144	156
9.411322	1.304101	25.137486	12	11	17
1.626048	3.877789	23.700733	180	178	198
12.014985	1.943065	23.864470	178	178	188
1.715610	3.215475	34.743546	172	171	188
7.792306	0.093493	19.309389	125	123	134
7.055048	0.353635	17.187523	38	38	49
9.029958	0.239825	20.505604	192	191	190
10.029312	2.240871	27.163885	68	62	70
9.937333	1.591270	21.819653	197	195	202
1.155552	3.250710	39.387810	22	25	36
-11.625946	6.549663	46.051678	185	176	198
8.173788	1.501355	18.326725	49	45	55
-4.225935	6.357652	35.502083	231	219	204
1.872378	4.273036	23.889053	187	189	205
3.654886	2.746661	29.169538	101	101	113
8.053835	-1.097558	18.499102	144	138	137
14.356966	1.356852	32.281429	112	105	103
4.221262	3.377948	22.023684	73	64	46
10.519618	-2.037285	27.364481	157	154	177
1.842533	4.636385	37.702129	66	62	82
1.019850	4.149233	42.455391	167	167	179
13.656728	2.500325	28.666342	211	208	223
9.381887	2.076440	25.090122	53	52	62
8.099164	0.418244	19.746941	33	33	45
8.721494	0.678715	19.787748	99	92	90
11.648206	0.291258	26.460484	196	196	196
2.712996	2.093103	21.937723	132	131	146
5.429718	0.687411	14.776246	12	11	17
13.016967	1.783696	33.273445	7	6	14
8.982576	1.570329	24.416531	164	165	171
7.334093	-0.976970	17.117918	126	124	125
0.732063	2.275589	29.581493	66	66	78
-5.083544	5.889815	44.404778	44	29	34
3.027516	1.408680	18.260075	17	17	27
1.349768	-5.640926	30.913963	198	196	206
6.984097	5.757427	36.759663	60	53	36
0.595149	-0.310481	22.458332	44	44	56
10.099972	1.612079	24.533213	201	199	207
0.113150	-0.159835	1.091704	168	155	151
8.754438	-0.008815	21.265923	152	152	164
-0.294261	-0.482342	23.082911	8	8	16
5.578583	2.411537	32.859730	18	18	30
5.894495	4.225035	44.275230	77	77	89
5.640687	0.318686	13.972672	35	35	45
8.735139	-1.190910	20.063684	141	137	138
13.151230	-3.000856	37.281242	65	56	67
